1263
357463 113189 4
357477 357478 4
357486 357487 10
357551 284917 10
194670 126906 4
194670 191922 4
357596 330666 4
357788 207865 0
338737 40337 4
357857 357858 4
357901 357902 10
357939 25539 10
357939 267859 10
164351 164349 4
358007 358008 4
358019 358020 10
358019 358021 10
250786 250785 4
231287 231286 4
358610 358611 4
127055 127053 4
1346 127053 4
358749 358750 4
182979 358767 10
182979 358768 10
286239 286238 4
10349 358918 4
212200 215360 4
212200 212197 4
358926 345305 10
358948 358949 10
358962 358963 10
184041 358991 10
285678 285677 4
105097 105096 4
105097 190885 4
359056 5497 4
340039 340038 4
359190 44384 10
359193 14412 0
359208 359209 10
283672 359224 10
359232 359233 4
359290 359291 0
359351 359352 0
359394 196874 4
359482 359483 10
340602 340601 4
359550 359552 10
359562 359563 0
359571 259099 10
254481 254480 4
254481 108431 4
117066 350207 4
117066 279572 4
107414 359689 4
359707 359709 4
359787 359788 4
359843 359846 4
359848 359849 4
359886 81343 10
141790 141789 4
360024 360025 10
360059 360060 4
312193 312192 4
360161 11955 0
360163 138782 4
360163 173648 4
323185 323179 4
323185 360265 4
360276 360277 4
360478 360479 10
270741 270740 4
13102 13081 4
318280 240997 4
360636 167340 4
360636 360637 4
351505 351503 4
351505 360687 4
360723 360724 4
205693 297912 4
205693 240999 4
205693 205701 4
339425 339424 4
360802 360803 10
360802 292819 10
360816 360817 4
360816 360818 4
361042 165342 4
361117 361118 0
165451 165448 4
361297 361298 4
212649 212648 4
319550 319549 4
361459 45647 4
361531 361533 4
361661 361662 4
361674 361675 10
126316 126315 4
237112 237110 4
361812 361813 4
194951 361870 4
361899 99179 4
361917 249023 10
362056 362057 10
191657 131826 0
45963 362107 4
79203 79200 4
362156 117303 0
362205 210841 0
261788 261787 4
362314 11615 0
362370 362372 4
362531 48081 0
362537 84704 10
362620 245980 4
362665 362666 4
362718 291312 10
121318 191679 10
121318 362758 10
121318 362759 10
121318 362760 10
121318 9433 10
362872 13274 10
362933 362934 4
248059 2636 10
280657 280656 4
280657 362957 4
362976 362977 4
362978 257021 4
362980 362981 4
312384 312383 4
362666 36040 10
362666 363059 10
363064 363065 4
363069 363070 4
283497 283496 4
72820 72817 4
363304 360387 10
363304 363305 10
363304 191614 10
363304 363306 10
363330 363331 10
209600 209599 4
363355 35009 0
139129 363395 4
363454 9027 4
363459 363460 4
363627 363628 4
37652 37650 4
363697 133274 10
228553 228551 4
315699 90203 4
315699 363774 4
249221 249220 4
172479 172478 4
363930 46943 10
171924 171922 4
363975 364008 4
364061 165975 0
364095 364096 10
245930 245929 4
185663 364200 4
363628 363627 4
267099 364289 4
223184 223183 4
223184 356587 4
364374 364375 4
364378 114819 4
364484 288657 4
364593 364594 4
364700 236277 4
250880 364714 4
345112 345111 10
364778 364779 10
364782 364783 4
364837 364838 4
364891 364892 4
364938 112455 4
123800 364977 4
332087 332086 4
356110 356109 4
365113 112463 4
229675 229674 4
365137 365138 4
365173 256845 10
365182 36348 10
365182 365183 10
365182 365184 4
365247 365248 4
365307 116516 10
346001 346000 4
365348 365349 4
210476 365378 4
365448 17167 0
359233 359232 4
365501 218608 4
98911 98910 4
114547 114546 4
79877 79875 4
12627 12594 4
365670 365671 4
176449 134980 4
365716 365717 10
365767 365768 10
365809 1639 4
364838 364837 4
365844 365846 4
365862 365863 10
365907 365908 4
365973 40640 4
365974 365975 4
365982 166169 4
366014 366015 4
366018 122090 10
366049 457 10
121361 121354 4
366182 366183 4
366214 364962 4
366245 11245 10
127593 127591 4
366277 366278 4
366477 99191 4
31648 366496 4
15168 15146 4
366593 366594 10
366593 291312 10
366593 241501 10
162730 366617 4
183996 183995 4
183996 366626 4
347287 366631 10
212734 162728 4
212734 212731 4
366673 366674 4
366782 112168 4
366788 109682 4
109687 109682 4
366792 112455 4
366796 112455 4
366866 109683 4
366867 111879 4
366944 366945 4
47829 366954 4
366956 366958 4
364008 320826 4
364008 363975 4
287356 287352 4
367031 367032 4
367081 367082 10
367211 294503 4
367218 176838 10
367218 367219 10
251132 251130 4
367272 367273 4
367307 367308 10
306401 306399 4
36366 87708 4
367388 352732 4
367388 367389 4
360265 323185 4
228181 228180 4
367446 367447 4
367452 113321 10
367490 244961 4
367512 146563 10
367528 210176 10
367577 367578 10
367577 367579 10
367577 367580 10
367596 367597 4
99 80 4
367735 262566 4
367737 367738 4
38554 248375 4
367770 367771 4
367777 367778 4
367805 258635 10
367805 367806 10
367805 367807 10
367826 1775 10
367967 367968 4
1451 218056 4
367999 368000 4
249846 249844 4
368038 64704 10
368068 368069 10
191005 191004 4
155944 368071 4
146372 171612 4
368083 6569 10
368083 15064 10
368083 81184 10
368096 368097 10
368112 247238 0
191006 191004 4
78507 31916 4
78531 76710 4
368247 116571 10
368286 368287 10
368295 368296 4
368295 368297 4
368312 191680 10
368322 368323 10
153530 153529 4
368339 368340 0
368348 77436 4
368460 368461 4
368495 368496 10
368506 368507 0
116592 366367 4
116592 368539 4
368551 368552 4
368635 368636 10
368774 271596 4
31920 19484 4
368820 368821 4
368823 368824 4
368904 240998 4
368904 241000 4
368977 144922 10
368986 368983 10
368991 40538 0
369044 78013 4
45609 136403 4
369061 350329 10
369079 40538 0
369084 369085 4
287357 287355 4
369144 161715 10
369154 369155 4
369154 369156 4
12005 12015 4
369185 369186 4
369238 276655 4
41041 45600 4
369279 217345 10
369279 90764 10
369283 369284 4
369310 369311 4
369398 369399 4
369435 242762 4
145820 369439 0
369512 369513 4
43611 43587 4
369603 128141 4
369633 369634 4
340125 369702 4
369725 369726 4
369786 369787 4
369861 303487 4
369865 8295 10
369932 369933 0
369940 98501 10
45606 45604 4
244500 369973 10
214547 369992 4
47845 47371 4
370033 22913 10
370103 370104 0
370105 270708 4
370150 370151 10
370184 370185 10
243785 243784 4
370271 370273 10
270543 239952 10
322751 322750 4
370301 370302 0
55898 55892 4
370346 370347 10
370348 117501 4
299867 299866 4
370362 168121 10
370380 370381 4
364977 123800 4
253813 103535 4
370384 370385 4
370395 370396 10
370397 370398 4
370423 370424 10
370458 359570 10
145821 370471 0
370499 370500 0
231820 231819 4
370534 370535 4
220596 167266 4
78390 370597 4
30738 103464 4
370625 273966 0
370713 179637 10
370713 302324 10
370713 304395 10
370719 370720 10
370808 370809 4
156991 370840 10
156991 156990 10
156991 156990 4
46954 27568 4
370965 43263 4
370977 370978 4
137560 108041 4
371017 371018 4
371055 371056 0
371089 371090 0
371109 371110 0
318281 240997 4
45968 371191 4
371207 371208 10
371207 371210 10
371262 371263 0
371270 371271 4
256631 212731 4
256631 162731 4
264855 264854 4
264855 371343 4
371348 135335 10
371356 371357 4
371455 371457 4
371492 183771 10
371508 179250 10
371572 371573 4
371610 303728 4
371684 371685 10
371688 371689 4
136605 136604 4
371768 371769 4
268334 268333 4
371813 308782 4
371813 351291 4
371831 371832 10
5190 5172 4
255540 255538 4
371924 94284 0
371933 127820 4
371964 254531 4
371995 11866 0
270903 270902 4
68473 68471 4
372062 372063 4
372127 8910 10
151093 372136 10
164611 164610 4
138591 138587 4
372199 372200 4
372218 18300 4
372280 106362 10
109402 77342 4
105608 105606 4
372397 25510 10
126289 55549 4
126289 126286 4
74705 74703 4
17406 149627 4
372466 305869 4
372456 281637 4
94490 372493 4
372497 372498 10
372571 34616 4
372583 372584 4
372610 372611 10
205694 288972 4
205694 362859 4
372679 372680 10
42120 42107 4
372740 372741 4
372753 372754 0
372788 372789 10
372788 372790 10
372836 112463 4
372840 112463 4
372844 112463 4
372847 112463 4
372866 112463 4
372889 372890 10
372926 372927 4
372950 372951 10
372958 372959 10
373001 373002 10
84109 83658 4
373089 373090 4
354128 184069 4
183355 183353 4
373152 373153 10
285930 285929 4
202525 125506 4
373461 132520 4
373473 373475 4
220600 220578 4
373501 373502 10
131777 48721 4
373517 343163 4
373678 373679 4
373682 373683 4
373694 373695 4
373698 373699 4
373700 373701 4
373702 373703 4
373704 373705 4
373707 373708 4
373738 32309 10
356221 105396 10
373847 261516 0
373879 373880 10
220601 168955 4
220601 220619 4
231274 231273 4
159494 114060 4
374034 247554 4
374052 41044 4
374061 374062 4
374113 374114 4
374159 316194 4
220390 96340 4
374275 374276 4
126885 126882 4
374329 374330 4
374346 374347 10
101703 36213 4
38962 47894 4
38962 302193 4
38962 374354 4
374389 149933 10
6187 374400 10
6187 374402 10
140887 140885 4
374563 374564 0
138514 374586 4
374592 655 10
98324 159665 4
98324 374614 4
374646 374647 4
48346 43815 4
318861 318860 4
374733 10086 4
374733 10091 4
157163 43858 4
79714 79713 4
162732 212731 4
162732 256632 4
162732 162734 4
162732 215365 4
374921 72712 0
183577 183576 4
117070 256466 4
117070 117076 4
374966 374967 4
375030 375031 10
340264 220579 4
375058 375059 10
375241 179250 10
168604 168603 4
236092 101702 4
54336 54332 4
375323 375324 10
329439 375344 4
375411 14879 4
375498 375499 4
277357 277355 4
375529 375531 4
375550 4677 10
375585 375586 0
375616 375617 10
375616 375618 10
375680 375681 10
169712 170479 4
219272 85611 4
169502 169501 4
375793 159735 4
375804 350189 4
375804 375805 4
331579 331578 4
375879 375880 4
375903 102985 4
354797 354796 4
375920 130766 10
375961 375962 10
247326 237237 4
376087 376088 4
174508 174506 4
376163 376164 10
366035 366029 4
376206 113821 10
31046 31044 4
376362 333098 4
155697 155696 4
376404 376405 10
376406 376407 10
336590 212729 4
376542 20594 10
376542 245959 10
376542 237406 10
364783 364782 4
220602 220591 4
220602 220592 4
198432 226611 4
190815 190814 4
376595 376596 10
376730 376731 4
376763 22389 4
376766 376767 4
376789 206387 10
376804 115494 4
168477 374032 4
376945 374032 4
376945 376925 4
366036 366031 4
366037 366036 4
376957 376958 4
376959 376960 4
377062 127737 4
377070 377071 10
377084 19820 10
377090 377091 4
82042 377242 4
377256 377257 4
163556 162715 4
163556 377296 4
134683 134682 4
377331 353250 10
377331 275689 10
377372 377373 10
377411 126585 4
377422 161715 10
377464 377466 4
377482 217918 4
377573 38183 0
47471 47469 4
47473 47470 4
47473 377595 4
377596 36086 10
377596 138378 10
377596 377597 10
47846 47371 4
47843 47370 4
47818 47369 4
377670 9120 4
377741 292710 4
377744 377745 10
47987 47985 4
47987 377755 4
152978 149391 4
152978 152977 4
377790 377793 4
377805 377806 10
205695 240996 4
377923 377924 4
377959 33957 10
377959 377960 10
377959 377961 10
377966 42820 10
377966 302580 10
377966 377967 10
106177 45965 4
106177 377983 4
71014 71007 4
377989 377990 4
376927 162715 4
378070 378071 10
378072 378073 4
378240 215761 4
378240 378243 4
215771 378233 4
45624 378249 4
378263 378264 10
185149 185148 4
378403 378404 4
371685 55142 4
378443 378444 0
378445 378446 0
378449 378450 0
378453 378454 0
378475 150729 10
167267 167227 4
167267 220581 4
378550 36901 4
252342 252341 4
220604 320426 4
117071 369622 4
378646 378647 4
378647 378646 4
220606 378671 4
378677 378678 4
378744 1370 0
378801 261021 4
271261 271260 4
378942 50130 10
23582 23577 4
147419 10425 4
379072 379073 4
379165 379166 0
205696 256635 4
113188 379238 4
325140 374032 4
256633 162715 4
379350 379351 4
86177 86176 4
86177 379367 4
379389 127049 4
379409 55213 0
256635 205696 4
256635 212738 4
162734 162732 4
379500 1441 0
379634 379635 10
215365 162732 4
379792 379793 10
379797 183817 4
1433 379814 4
277149 277148 4
379921 379922 10
212738 256635 4
212738 241000 4
121701 121700 4
380001 380002 10
380001 380003 10
380001 46451 10
307009 54879 4
380173 380174 4
380186 380187 4
162735 162744 4
166669 45477 10
380217 380218 4
380225 380218 4
184071 374032 4
184071 198901 4
380235 115476 10
380248 380249 10
256636 162728 4
380352 380353 4
354129 212197 4
380499 29643 0
31514 353974 4
133782 64617 4
240998 368904 4
367597 74785 4
367597 367596 4
117072 117058 4
380696 365492 4
380731 380732 4
380859 380860 10
380859 380861 10
380889 380890 10
222017 222016 4
380896 380897 10
380904 380905 4
380909 380910 4
380941 2772 10
380981 380982 4
162737 212739 4
381007 185502 4
381013 1351 4
381015 68473 4
381021 381022 4
381045 381046 4
381051 308782 4
381083 2329 0
381181 381183 4
381188 300 4
205698 205692 4
255089 255088 4
381330 29065 10
381336 381337 4
381342 381343 4
240999 205693 4
240999 215308 4
381435 381436 4
381451 381452 10
381516 325921 10
381560 381561 10
381598 18879 10
381600 381602 4
377236 381606 4
381605 381609 4
381659 381660 4
264043 381685 4
236094 101156 4
381608 381754 4
45588 203317 4
381785 29065 10
381827 150703 4
381919 245980 4
381919 381920 4
381943 168096 4
381943 381944 4
381966 157166 4
130893 130890 4
381987 354044 4
196754 196752 4
382008 1912 10
382198 225103 10
382209 95662 4
382232 351122 4
382239 114286 4
382312 206016 4
382316 382317 4
382375 382376 4
382413 158324 10
382413 219068 10
205699 168995 4
162740 162724 4
215308 240999 4
75139 75130 4
2212 161903 4
382614 382615 0
382619 382620 4
382624 265747 4
267408 78554 4
382639 382640 10
382639 382641 10
382712 382713 10
346753 346752 4
382783 382784 4
382785 382786 4
382790 382791 10
382790 382792 10
134688 134686 4
382825 136683 0
382860 44368 4
382869 382870 4
162741 162733 4
382900 170891 10
382949 382950 4
383026 5624 10
302157 162724 4
302157 297916 4
383068 125859 4
383104 316381 0
383105 136683 0
113185 108713 4
13929 13904 4
383125 85105 4
349183 36476 4
383173 383174 0
383175 383176 0
383184 383185 0
94924 383201 4
383234 383235 0
383272 383273 4
291467 291466 4
241000 368904 4
241000 212738 4
270688 270687 4
36216 302247 4
383389 156489 4
249535 383443 10
297916 302157 4
297916 381400 4
383486 139241 4
383490 383491 4
217377 217374 4
383635 383636 4
383653 383654 4
383658 383659 10
383679 36740 4
47830 383751 4
47830 383752 4
383755 339046 4
249016 383783 10
249016 383784 10
383875 383876 4
383920 383921 4
288972 205694 4
383966 7444 4
384021 384022 10
384036 384037 10
384036 364 10
221175 140196 4
115577 41295 4
384402 384403 0
384500 384501 4
35279 35253 4
384584 384585 4
189175 189174 4
142163 142160 4
384671 384672 10
117828 358497 4
117829 114791 4
384885 384886 10
384891 230739 10
384917 384918 4
384954 79572 4
384955 384961 4
212504 212503 4
385013 16827 10
385033 385034 10
385038 334593 0
345505 282719 4
385103 248375 4
260681 260680 4
331791 331790 4
340462 168956 4
340462 220612 4
340462 299974 4
385247 226758 4
385270 385272 4
219245 219244 4
255411 385323 4
385423 385424 4
385323 255411 4
308868 308867 4
385700 385701 4
385731 385732 10
385749 385750 10
224792 224790 4
385767 23566 4
47186 47183 4
202356 202355 4
385836 385837 10
280296 56072 4
385863 157421 0
385864 385865 10
385864 385866 10
385864 385867 10
386015 386016 4
386016 386015 4
386069 215659 10
386088 112463 4
255662 255661 4
255662 262487 4
40002 40000 4
386102 386103 4
386109 386110 10
352525 352524 4
386138 36351 0
386179 386180 4
386179 316353 4
43948 43931 4
43948 167495 4
386260 386261 10
386260 36375 10
386308 386309 10
369634 369633 4
336446 163669 4
386411 386412 10
386444 255424 4
386448 31785 10
386448 386449 10
335535 279572 4
386470 85884 4
386590 386591 10
386590 386592 10
386597 92143 10
279659 279658 4
386620 386621 10
386653 386654 10
386710 215098 0
338706 338705 4
272885 64704 4
386860 386861 4
232005 232004 4
387101 387102 4
387234 387235 4
387236 387237 4
302158 162724 4
302158 240996 4
16896 16887 4
42999 109405 4
387399 387400 4
44579 1400 4
387434 280546 10
387476 232773 10
362859 205694 4
387547 387550 4
162743 231172 4
240495 240494 4
345130 345129 4
387615 342956 10
387615 186401 10
387628 387626 10
387628 387630 10
387666 211130 4
387675 387676 4
387695 79867 4
387797 387798 4
76889 338903 4
387828 116470 4
387861 378241 4
387929 387930 4
387951 387952 10
387958 6481 10
387993 109165 4
388009 388010 10
21196 21195 4
388030 388031 10
18862 18837 4
277264 127738 4
388190 388191 10
388217 1402 0
342559 342558 4
388295 388296 4
169125 240998 4
169125 302157 4
388317 388320 4
388342 388343 4
82044 116593 4
116593 82044 4
388376 116589 4
388379 388380 10
388379 388381 10
388424 388425 4
295923 295922 4
36746 36744 4
388508 52507 10
230332 230330 4
36217 388583 4
388616 388617 10
2346 82040 4
388659 388660 4
171573 171572 4
388721 388722 10
2347 2345 4
388734 353419 4
388734 388736 4
81213 81207 4
388832 292609 10
374031 184075 4
45631 82040 4
388925 388926 4
388998 149794 10
220607 220593 4
364862 364873 4
389194 77340 4
388660 388659 4
389252 389253 10
389252 389254 10
389296 389297 10
389373 389374 10
47821 45993 4
314036 314035 4
47822 389424 4
47822 389425 4
389597 389598 4
389648 150788 10
389648 389650 4
389648 389651 4
37653 36722 4
259146 259145 4
83553 118652 4
76714 76709 4
389735 389736 10
218519 218518 4
389817 92143 10
389824 389825 4
389918 389919 10
389939 84591 10
390029 124001 4
390029 372700 4
390114 390115 0
1342 281634 4
390152 390153 4
99397 99394 4
218893 218891 4
390219 390220 10
390219 390221 10
390261 378175 4
153300 390274 0
184072 369116 4
390647 390649 4
390680 390681 10
390690 390691 4
390745 390746 10
390832 390833 4
390938 23579 4
390938 23582 4
390985 390986 10
390993 390995 4
295014 391006 4
285586 295013 4
256469 163868 4
391297 391298 4
391341 293358 4
391359 391360 4
374032 168477 4
374032 325140 4
391398 391399 4
391409 391410 4
391452 312368 10
391464 147725 4
120577 120568 4
391573 271849 10
45625 42968 4
219254 219207 4
195263 195262 4
391866 391867 10
121708 391883 4
268523 315657 4
31619 31207 4
392015 392016 10
392015 392017 10
392028 9100 10
392028 6890 10
307899 307898 4
392174 37965 10
387582 392180 10
392202 392203 4
392206 15091 10
392208 392209 10
217008 217007 4
392300 74866 4
392302 392303 4
392352 36479 0
392365 142256 0
233981 233979 4
392457 392458 10
281729 281728 4
227530 227529 4
255633 255632 4
392664 113035 4
392666 227810 10
392666 105396 10
392666 422 10
392670 392671 10
392670 392672 4
392701 50838 0
392726 392727 4
392734 392735 4
75141 75130 4
75141 89435 4
75141 150476 4
75141 392738 4
392751 392752 4
344882 344881 4
392885 111785 10
281013 281012 4
184073 215304 4
155787 155783 4
320347 393038 4
269045 269043 4
393180 30923 0
393211 301720 4
393214 113736 10
34231 34201 4
259986 337649 4
393265 393266 0
393315 243544 10
393384 31661 10
393384 393385 10
393386 31661 10
42955 42950 4
393490 458 10
168097 45513 4
375880 375879 4
393591 393592 10
168098 393620 4
168098 270288 4
287146 393658 4
287146 213451 4
393660 393661 4
45472 130795 4
215309 245981 4
306536 306535 4
393860 393861 4
45632 10384 4
393866 393867 10
393866 393868 10
393866 393869 10
393882 393883 10
393882 393884 10
393882 393885 10
8239 8240 10
10388 10382 4
10388 178659 4
10389 10382 4
393960 393961 10
394053 394054 4
394111 394112 10
315449 315445 4
394148 264746 4
394156 394157 4
394204 394206 4
325751 325750 4
364864 364872 4
394353 322779 4
132759 132757 4
394476 95773 0
394479 394480 4
394526 135740 4
36556 36238 4
394618 394619 4
169182 212742 4
212742 169182 4
394649 47596 10
394791 339424 4
394791 394792 4
394809 394810 4
394809 394811 4
394835 168978 0
394921 324495 10
192209 355673 4
394951 394952 10
253943 253941 4
394980 394981 10
381017 394984 4
94116 94113 4
394997 394998 10
251238 251237 4
395021 395022 10
395021 395023 10
220609 220578 4
395116 395117 4
395145 395146 0
395154 395155 0
395158 395159 0
395162 256997 10
395162 395163 10
394157 394156 4
395237 395238 4
395474 4992 10
395498 395499 10
395520 395521 10
241623 241622 4
395555 169148 0
395559 192528 4
395610 395613 4
395610 395614 4
395622 395618 4
395622 395623 4
392727 392726 4
395611 395682 4
395693 395694 10
395693 383783 10
395682 395611 4
313187 313186 4
395700 395701 10
395788 79625 10
395612 395842 4
395843 263386 4
395613 395618 4
395908 32502 0
395927 395928 4
396021 23642 10
396039 45005 10
244865 396060 4
396255 396256 4
396256 396255 4
396310 396311 0
396333 396334 4
396382 396383 10
396456 396457 4
396461 396462 10
396470 396471 4
396472 396473 10
117488 117484 4
117488 396517 4
130473 396644 4
54114 46136 4
396689 396690 4
396715 31661 10
396728 396729 10
396757 396758 10
396757 396759 10
396757 396760 10
246025 367862 4
215772 218025 4
396957 396958 10
396975 181107 10
113619 113616 4
397013 397014 4
1393 397053 4
1393 397054 4
397118 39069 4
397127 397128 10
397127 397129 10
