           |            transe(h)           |            transe(t)           |            rotate(h)           |            rotate(t)           |
  r | freq | recall | reduction | precision | recall | reduction | precision | recall | reduction | precision | recall | reduction | precision | translation
172    172     0.03       98.42       0.166     0.01       99.33        0.75     0.03       98.84       0.166     0.01        99.3        0.75   team
 55    169     0.04       98.42        0.17     0.01       99.33        0.75     0.04       98.84        0.17     0.01        99.3        0.75   genre
 11    134     0.03       98.29       0.131     0.01       99.43        0.75     0.03       98.93       0.131     0.01       99.31        0.75   birthPlace
102     78     0.04       98.41       0.131      0.0         0.0         0.0     0.04       99.26       0.131      0.0         0.0         0.0   associatedBand
  1     65     0.05       98.41       0.137      0.0         0.0         0.0     0.05       99.26       0.137      0.0         0.0         0.0   producer
  5     59     0.05       98.41       0.137      0.0         0.0         0.0     0.05       99.26       0.137      0.0         0.0         0.0   language
103     57     0.05       98.41       0.137      0.0         0.0         0.0     0.05       99.26       0.137      0.0         0.0         0.0   associatedMusicalArtist
 67     57     0.05       98.41       0.137      0.0         0.0         0.0     0.05       99.26       0.137      0.0         0.0         0.0   recordLabel
 26     50     0.04       98.96       0.093      0.0         0.0         0.0     0.04       99.27       0.093      0.0         0.0         0.0   deathPlace
155     47     0.04       98.96       0.095      0.0         0.0         0.0     0.04       99.27       0.095      0.0         0.0         0.0   starring
 43     46     0.04       98.96       0.095      0.0         0.0         0.0     0.04       99.27       0.095      0.0         0.0         0.0   class
161     46     0.04       98.96       0.095      0.0         0.0         0.0     0.04       99.27       0.095      0.0         0.0         0.0   subsequentWork
 78     39     0.03       99.43       0.091      0.0         0.0         0.0     0.03       99.31       0.091      0.0         0.0         0.0   division
  2     39     0.03       99.43       0.091      0.0         0.0         0.0     0.03       99.31       0.091      0.0         0.0         0.0   writer
 41     39     0.03       99.43       0.091      0.0         0.0         0.0     0.03       99.31       0.091      0.0         0.0         0.0   kingdom
 44     38     0.03       99.43       0.091      0.0         0.0         0.0     0.03       99.31       0.091      0.0         0.0         0.0   order
197     34     0.03       99.43       0.091      0.0         0.0         0.0     0.03       99.31       0.091      0.0         0.0         0.0   previousWork
  4     33     0.03       99.43       0.091      0.0         0.0         0.0     0.03       99.31       0.091      0.0         0.0         0.0   country
167     31     0.03       99.43       0.098      0.0         0.0         0.0     0.03       99.31       0.098      0.0         0.0         0.0   instrument
 32     28     0.04       99.43        0.11      0.0         0.0         0.0     0.04       99.31        0.11      0.0         0.0         0.0   battle
 66     27     0.04       99.43        0.11      0.0         0.0         0.0     0.04       99.31        0.11      0.0         0.0         0.0   hometown
 45     27     0.04       99.43        0.11      0.0         0.0         0.0     0.04       99.31        0.11      0.0         0.0         0.0   family
159     24     0.04       99.43        0.11      0.0         0.0         0.0     0.04       99.31        0.11      0.0         0.0         0.0   format
243     22     0.05       99.43       0.119      0.0         0.0         0.0     0.05       99.31       0.119      0.0         0.0         0.0   musicalBand
242     22     0.05       99.43       0.119      0.0         0.0         0.0     0.05       99.31       0.119      0.0         0.0         0.0   musicalArtist
 52     21     0.05       99.43       0.115      0.0         0.0         0.0     0.05       99.31       0.115      0.0         0.0         0.0   type
210     20     0.05       99.43       0.127      0.0         0.0         0.0     0.05       99.31       0.127      0.0         0.0         0.0   recordedIn

