           |            transe(h)           |            transe(t)           |            rotate(h)           |            rotate(t)           |
  r | freq | recall | reduction | precision | recall | reduction | precision | recall | reduction | precision | recall | reduction | precision | translation
172    172     0.31       97.34       0.497     0.14       97.62       0.849     0.34       96.53       0.516     0.19       96.38       0.878   team
 55    169     0.31       97.31       0.497     0.14       97.68       0.843     0.34       96.52       0.517     0.18       96.56       0.868   genre
 11    134     0.29       97.24       0.486     0.14       97.76       0.853     0.34       96.57       0.514     0.18       96.52        0.87   birthPlace
102     78     0.27       97.07       0.456     0.17       98.19       0.861     0.31       96.07       0.499     0.19       96.48       0.892   associatedBand
  1     65     0.28       97.05       0.461     0.17       98.12        0.84     0.32       96.23       0.525     0.18       96.33       0.869   producer
  5     59     0.29        97.1       0.473     0.17       98.25       0.826     0.32       96.08       0.552     0.19       96.36       0.859   language
103     57      0.3        97.1       0.476     0.18       98.25       0.826     0.33       96.08       0.559     0.19       96.36       0.859   associatedMusicalArtist
 67     57      0.3        97.1       0.476     0.18       98.25       0.826     0.33       96.08       0.559     0.19       96.36       0.859   recordLabel
 26     50      0.3       97.12       0.476     0.16       98.25       0.842     0.32       96.22       0.553     0.18       96.48       0.879   deathPlace
155     47      0.3        97.0       0.477     0.15       98.21       0.896     0.32       96.08       0.547     0.19       96.48       0.917   starring
 43     46      0.3        97.0       0.489     0.15       98.21       0.896     0.33       96.08       0.561      0.2       96.48       0.917   class
161     46      0.3        97.0       0.489     0.15       98.21       0.896     0.33       96.08       0.561      0.2       96.48       0.917   subsequentWork
 78     39     0.31       97.06        0.49     0.18       98.21       0.896     0.36       95.97        0.57     0.21       96.35       0.907   division
  2     39     0.31       97.06        0.49     0.18       98.21       0.896     0.36       95.97        0.57     0.21       96.35       0.907   writer
 41     39     0.31       97.06        0.49     0.18       98.21       0.896     0.36       95.97        0.57     0.21       96.35       0.907   kingdom
 44     38     0.32       97.06        0.49     0.18       98.21       0.896     0.37       95.97        0.57     0.21       96.35       0.907   order
197     34     0.35       97.06       0.494     0.18       98.31       0.881     0.38       95.84       0.554     0.21       96.39       0.896   previousWork
  4     33     0.36       97.06       0.506     0.18       98.31       0.881     0.39       95.84       0.568     0.21       96.39       0.896   country
167     31     0.35       97.31       0.521     0.16       98.24       0.944     0.35       95.97       0.564     0.19       96.75       0.952   instrument
 32     28     0.39       97.31        0.55     0.18       98.24       0.944     0.39       95.97       0.596     0.21       96.75       0.952   battle
 66     27     0.41       97.31       0.553     0.19       98.24       0.944     0.41       95.97       0.601     0.22       96.75       0.952   hometown
 45     27     0.41       97.31       0.553     0.19       98.24       0.944     0.41       95.97       0.601     0.22       96.75       0.952   family
159     24     0.42       97.17       0.554     0.17       98.33       0.933     0.46       95.97       0.605     0.21       96.83       0.944   format
243     22     0.45       97.17       0.585     0.18       98.33       0.933      0.5       95.97       0.638     0.23       96.83       0.944   musicalBand
242     22     0.45       97.17       0.585     0.18       98.33       0.933      0.5       95.97       0.638     0.23       96.83       0.944   musicalArtist
 52     21     0.43       97.12       0.559     0.19       98.33       0.933     0.48        95.8       0.618     0.19       96.77       0.933   type
210     20     0.45       97.12       0.597      0.2       98.33         1.0      0.5        95.8       0.657      0.2       96.77         1.0   recordedIn

