           |            transe(h)           |            transe(t)           |            rotate(h)           |            rotate(t)           |
  r | freq | recall | reduction | precision | recall | reduction | precision | recall | reduction | precision | recall | reduction | precision | translation
 24  14794      0.0         0.0        0.03     0.04       99.99       0.989      0.0         0.0       0.032     0.01       99.94       0.986   <isLocatedIn>
  7  10927      0.0         0.0       0.403      0.0       99.97       0.174      0.0         0.0       0.405      0.0         0.0         0.0   <created>
 18   6886      0.0         0.0        0.23      0.0       99.97       0.252      0.0         0.0       0.224      0.0         0.0         0.0   <actedIn>
 12   4933      0.0         0.0       0.051      0.0       99.98         1.0      0.0         0.0       0.053      0.0         0.0         0.0   <wasBornIn>
  5   3061      0.0         0.0         0.0      0.0       99.97       0.062      0.0         0.0         0.0      0.0         0.0         0.0   <directed>
  8   2748      0.0         0.0       0.036      0.0         0.0         0.0      0.0         0.0       0.035      0.0         0.0         0.0   <hasWonPrize>
  6   2024      0.0         0.0       0.458      0.0       99.95       0.111      0.0         0.0       0.481      0.0         0.0         0.0   <produced>
  2   1658      0.0         0.0       0.054      0.0       99.98         1.0      0.0         0.0       0.054      0.0         0.0         0.0   <diedIn>
 14   1319      0.0         0.0       0.135     0.06       99.98       0.556      0.0         0.0       0.152     0.01       99.95       0.552   <livesIn>
 22    903      0.0         0.0       0.045     0.55       99.99         1.0      0.0         0.0       0.014     0.11       99.94         1.0   <isCitizenOf>
  4    845      0.0         0.0         0.0      0.0         0.0         0.0      0.0         0.0         0.0      0.0       99.93         0.5   <isMarriedTo>
  3    844      0.0         0.0         0.0      0.0         0.0         0.0      0.0         0.0         0.0      0.0       99.92         1.0   <hasChild>
  9    790      0.0         0.0       0.078      0.0         0.0         0.0      0.0         0.0       0.123      0.0         0.0         0.0   <graduatedFrom>
 29    752      0.0         0.0       0.095      0.0         0.0         0.0      0.0         0.0       0.094      0.0         0.0         0.0   <hasMusicalRole>
 28    661      0.0         0.0       0.313     0.01       99.98       0.833      0.0         0.0       0.288      0.0         0.0         0.0   <isLeaderOf>
 30    478      0.0         0.0         0.0      0.0         0.0         0.0      0.0         0.0         0.0      0.0         0.0         0.0   <playsFor>
 10    340      0.0         0.0        0.29      0.0         0.0         0.0      0.0         0.0        0.29      0.0        99.9         1.0   <isKnownFor>
  1    286      0.0         0.0       0.247      0.0         0.0         0.0      0.0         0.0       0.275      0.0       99.94         1.0   <influences>
 13    214      0.0         0.0       0.302      0.0         0.0         0.0      0.0         0.0       0.295      0.0         0.0         0.0   <participatedIn>
 11    158      0.0         0.0         0.3     0.01       99.97         1.0      0.0         0.0       0.213      0.0         0.0         0.0   <hasAcademicAdvisor>
 25    157      0.0         0.0       0.178      0.0         0.0         0.0      0.0         0.0       0.185      0.0         0.0         0.0   <worksAt>
 27    115      0.0         0.0        0.11      0.0         0.0         0.0      0.0         0.0       0.096      0.0         0.0         0.0   <holdsPoliticalPosition>
 26     81      0.0         0.0       0.036      0.0         0.0         0.0      0.0         0.0         0.0      0.0         0.0         0.0   <isPoliticianOf>
  0     78      0.0         0.0        0.25      0.0         0.0         0.0      0.0         0.0        0.25      0.0         0.0         0.0   <hasCapital>
 15     27      0.0         0.0       0.094      0.0         0.0         0.0      0.0         0.0       0.094      0.0         0.0         0.0   <hasOfficialLanguage>

