           |            transe(h)           |            transe(t)           |            rotate(h)           |            rotate(t)           |
  r | freq | recall | reduction | precision | recall | reduction | precision | recall | reduction | precision | recall | reduction | precision | translation
 24  14794      0.0       99.93       0.344     0.07       99.92       0.898      0.0       99.68       0.337      0.0       99.71       0.747   <isLocatedIn>
  7  10927      0.0       99.93       0.347     0.07       99.92       0.924      0.0       99.71        0.34      0.0       99.68       0.824   <created>
 18   6886      0.0       99.93       0.353     0.08       99.92       0.938      0.0       99.61       0.344      0.0        99.7       0.833   <actedIn>
 12   4933      0.0       99.92       0.353     0.08       99.92       0.971      0.0       99.93       0.341      0.0        99.7       0.833   <wasBornIn>
  5   3061      0.0       99.94       0.358     0.07       99.93       0.978      0.0       99.93       0.342      0.0       99.72       0.875   <directed>
  8   2748      0.0       99.94       0.359     0.07       99.92       0.976      0.0       99.93       0.343     0.01       99.72       0.875   <hasWonPrize>
  6   2024      0.0       99.94       0.357     0.07       99.92       0.986      0.0       99.93       0.345     0.01       99.72       0.846   <produced>
  2   1658      0.0       99.94       0.366     0.07       99.92       0.992      0.0       99.93       0.353     0.01       99.71       0.909   <diedIn>
 14   1319      0.0       99.94       0.366     0.08       99.91         1.0      0.0         0.0       0.349     0.01        99.7       0.875   <livesIn>
 22    903      0.0       99.95       0.371     0.08       99.91         1.0      0.0         0.0       0.345      0.0        99.7         1.0   <isCitizenOf>
  4    845      0.0       99.95        0.37     0.08       99.92         1.0      0.0         0.0       0.342      0.0        99.7         1.0   <isMarriedTo>
  3    844      0.0       99.95        0.37     0.08       99.92         1.0      0.0         0.0       0.342      0.0        99.7         1.0   <hasChild>
  9    790      0.0       99.95       0.373     0.08       99.91         1.0      0.0         0.0        0.34     0.01        99.7         1.0   <graduatedFrom>
 29    752      0.0       99.95       0.369     0.08       99.91         1.0      0.0         0.0       0.337     0.01        99.7         1.0   <hasMusicalRole>
 28    661      0.0       99.95       0.361     0.08       99.91         1.0      0.0         0.0       0.336      0.0       99.64         1.0   <isLeaderOf>
 30    478      0.0       99.95       0.344     0.09        99.9         1.0      0.0         0.0       0.319      0.0       99.64         1.0   <playsFor>
 10    340      0.0       99.95       0.362     0.08       99.93         1.0      0.0         0.0       0.328      0.0         0.0         0.0   <isKnownFor>
  1    286      0.0         0.0       0.369     0.08       99.92         1.0      0.0         0.0       0.339      0.0         0.0         0.0   <influences>
 13    214      0.0         0.0       0.324     0.07       99.93         1.0      0.0         0.0       0.308      0.0         0.0         0.0   <participatedIn>
 11    158      0.0         0.0       0.332     0.08       99.93         1.0      0.0         0.0       0.328      0.0         0.0         0.0   <hasAcademicAdvisor>
 25    157      0.0         0.0       0.332     0.08       99.93         1.0      0.0         0.0       0.328      0.0         0.0         0.0   <worksAt>
 27    115      0.0         0.0       0.278     0.07       99.94         1.0      0.0         0.0       0.283      0.0         0.0         0.0   <holdsPoliticalPosition>
 26     81      0.0         0.0       0.263     0.07       99.94         1.0      0.0         0.0       0.254      0.0         0.0         0.0   <isPoliticianOf>
  0     78      0.0         0.0       0.263     0.08       99.94         1.0      0.0         0.0       0.254      0.0         0.0         0.0   <hasCapital>
 15     27      0.0         0.0       0.049     0.11       99.91         1.0      0.0         0.0       0.088      0.0         0.0         0.0   <hasOfficialLanguage>

