137
8759 7189 15
383 386 15
11989 1014 16
15302 1734 16
2949 1151 15
8685 1838 16
12018 2333 15
11 12 6
13109 9217 15
5426 2369 16
3124 1777 16
1797 1747 15
14115 4918 15
9856 9860 15
16340 2372 15
16343 1111 15
9823 9828 15
6764 5425 16
15244 376 16
15276 6717 16
9722 6121 15
278 284 15
3096 2420 15
234 239 15
13542 13098 23
6719 4866 15
9276 8753 23
4419 4424 15
8217 7573 23
12010 3110 16
13153 2959 16
6053 5487 23
1183 361 23
13021 3561 16
1767 1771 16
7671 3106 15
52 58 6
6083 5427 23
7098 6653 23
9846 231 16
8693 6717 16
10827 2453 15
4412 4418 15
8779 7090 16
6684 986 16
3585 3009 23
9753 4799 15
7157 6772 23
3698 3154 23
4367 4371 16
331 337 15
5460 949 15
9862 6207 15
9743 8142 16
226 232 15
15213 4918 16
9220 8802 23
4229 4234 16
16472 4279 15
8132 7668 23
4888 4357 23
5471 5476 16
2380 1834 23
1786 1790 15
6684 3727 15
9188 8698 23
5500 1127 15
4802 4249 23
3553 2986 23
13161 5493 15
8744 7175 16
10345 9768 23
7643 3706 16
1748 983 16
15199 1127 16
921 221 23
292 104 15
10263 9805 23
4944 4281 23
5411 336 16
14017 1144 16
4261 124 15
3054 3059 16
10941 6779 16
9743 284 15
7610 1791 15
7686 3070 15
10830 320 16
11934 4866 16
13126 3741 16
15225 1127 16
7594 7598 16
15282 12545 15
12015 3563 15
6648 6647 16
11955 3738 16
10884 176 15
8744 2976 15
37 22 5
15795 15266 23
5436 125 16
9238 8711 23
3146 3151 15
5416 2338 15
7572 4376 15
15297 6044 15
4397 3017 15
15310 123 16
2990 245 15
347 314 16
14641 14067 23
1674 1679 15
8805 8809 15
3111 1878 16
1706 1014 16
11896 11877 18
377 382 15
7146 6658 23
6666 2478 16
2965 2970 15
6181 5384 23
16419 3011 16
16429 337 16
7708 2482 15
14034 6078 16
7636 7581 16
11433 10949 23
10853 10859 16
383 387 16
3096 3100 16
10952 1111 16
6739 6744 15
5494 5499 16
11938 8738 16
13059 1167 16
207 213 16
11929 4401 16
