179
155 158 13
15176 15179 13
7582 7584 13
10952 10954 13
15286 15288 13
10914 10915 13
14017 14018 13
13145 13147 13
1840 1842 13
4327 4328 13
1748 1750 13
9862 9864 13
13059 13060 13
1694 1697 13
6652 6656 13
14001 14004 13
13052 13053 13
8689 8690 13
15306 15309 13
5363 5365 13
11896 11899 13
3060 3062 13
2994 2997 13
10944 10945 13
13996 13999 13
6723 6724 13
10848 10851 13
16375 16376 13
14013 14016 13
8751 8753 13
347 348 13
9796 9797 13
331 333 13
13973 13974 13
8779 8781 13
16393 16394 13
185 188 13
6690 6693 13
1748 1752 13
14092 14095 13
3157 3160 13
16437 16439 13
7662 7664 13
4377 4378 13
10901 10902 13
16416 16418 13
7643 7644 13
162 164 13
9813 9817 13
10918 10921 13
11955 11957 13
12015 12017 13
11878 11882 13
5401 5402 13
5466 5467 13
9841 9842 13
5471 5474 13
8679 8683 13
13030 13031 13
264 265 13
14074 14076 13
13101 13103 13
6684 6685 13
16365 16369 13
1815 1817 13
8779 8783 13
6637 6638 13
13973 13975 13
16384 16387 13
1844 1845 13
11938 11940 13
14065 14068 13
16475 16478 13
13026 13027 13
1844 1846 13
13064 13066 13
10896 10900 13
9747 9751 13
366 367 13
11892 11894 13
14009 14012 13
10932 10934 13
16467 16471 13
11920 11921 13
16397 16399 13
7658 7659 13
7708 7709 13
7708 7712 13
9757 9761 13
4239 4243 13
7675 7677 13
6780 6781 13
5490 5491 13
10869 10873 13
11971 11972 13
323 326 13
15244 15247 13
16384 16385 13
5529 5531 13
3054 3056 13
9785 9788 13
3140 3142 13
16375 16377 13
4273 4276 13
10811 10813 13
6712 6714 13
7640 7641 13
6764 6766 13
5520 5521 13
3071 3072 13
10880 10881 13
14065 14069 13
12005 12006 13
13089 13090 13
10830 10834 13
1674 1677 13
4291 4292 13
3152 3154 13
4356 4359 13
7572 7573 13
256 258 13
1809 1811 13
1779 1781 13
8717 8718 13
10853 10854 13
13976 13979 13
377 379 13
13021 13024 13
4397 4400 13
8748 8750 13
2960 2962 13
3111 3114 13
1737 1740 13
9714 9716 13
13982 13984 13
9781 9784 13
9801 9803 13
10948 10951 13
6633 6634 13
6644 6645 13
201 203 13
10823 10826 13
15297 15299 13
11896 11897 13
9743 9746 13
6652 6654 13
9796 9798 13
3013 3014 13
1674 1676 13
220 221 13
15282 15285 13
2972 2974 13
10944 10946 13
9757 9759 13
278 282 13
16411 16415 13
8765 8766 13
4323 4325 13
3029 3033 13
15232 15233 13
339 343 13
4267 4268 13
10853 10857 13
1700 1701 13
10819 10822 13
14051 14052 13
3130 3131 13
7647 7649 13
7572 7576 13
16467 16470 13
10835 10836 13
292 295 13
6719 6721 13
11989 11990 13
5405 5408 13
10932 10935 13
9735 9736 13
8755 8757 13
9846 9850 13
