3370
8253 8254 14
7414 6 0
2456 42 0
13455 13016 19
9279 51 0
6065 42 0
2419 42 0
93 50 8
16997 6 0
12985 6 0
165 41 0
8839 68 0
8428 6 0
459 105 19
703 105 19
1471 6 0
6962 6632 19
8830 8765 21
2027 1660 19
16650 16339 19
3320 68 0
13155 24 0
13181 68 0
12932 6 0
12094 11877 19
11102 68 0
732 105 19
7796 68 0
14172 13968 19
9278 8748 21
2169 68 0
10216 42 0
6159 5362 19
1056 185 21
9099 68 0
14598 13968 19
16030 6 0
15767 42 0
11693 6 0
16752 16408 21
15501 68 0
13547 13016 19
4858 4223 19
10856 41 0
3342 2944 19
10352 9710 19
4892 4377 21
6754 41 0
4636 4223 19
15428 15156 19
8681 24 0
8320 6 0
15392 15156 19
2529 54 0
15859 51 0
6471 6 0
2485 1706 21
3206 2944 19
823 106 21
15882 42 0
2840 6 0
1833 1837 14
2101 1786 21
16919 16339 19
17217 6 0
5780 5362 19
4697 68 0
2236 1660 19
11449 10887 21
5765 5362 19
13407 68 0
16935 54 0
15725 68 0
3941 6 0
2370 1660 19
8180 7577 21
12941 6 0
15770 238 14
15886 15216 21
7721 7571 19
12111 11877 19
8199 51 0
4806 4239 21
7958 7571 19
6206 5362 19
3743 2944 19
13470 42 0
2634 6 0
3808 6 0
1091 270 21
8330 6 0
3192 2944 19
5591 5362 19
498 68 0
847 68 0
3484 2978 21
16729 16339 19
10102 9710 19
11338 10805 19
3653 3654 14
15527 15156 19
13199 68 0
7579 41 0
14727 13968 12
4164 6 0
15683 15156 19
7578 24 0
7180 6695 21
13486 13017 21
9005 8658 19
1671 69 0
4818 4819 14
4802 4803 14
2118 1660 19
4441 4223 19
1195 54 0
2719 6 0
7803 7571 19
170 24 0
4531 4223 19
2100 1660 19
11217 10805 19
13433 13016 19
8515 6 0
9192 8668 21
10100 9710 19
7249 6 0
10848 9 0
6332 6 0
12220 11877 19
15007 6 0
11463 10887 21
15563 68 0
9255 62 0
4726 4223 19
872 105 19
8220 51 0
8341 6 0
3276 2944 19
9223 42 0
15777 15229 21
552 68 0
13937 6 0
15659 15156 19
3144 69 0
7062 69 0
420 105 19
1681 1685 14
7121 42 0
12504 11971 21
1124 105 19
12397 11877 19
3949 6 0
17220 6 0
11912 40 0
7364 6 0
9965 9710 19
15589 15156 19
155 105 17
1108 1109 14
1633 6 0
15557 68 0
5675 5504 21
9198 42 0
6041 5362 19
6048 3733 14
16124 6 0
6644 40 0
5609 5362 19
8846 8658 19
15619 15156 19
12484 6061 14
4865 4223 19
3726 3727 14
5980 5362 19
10367 9710 12
6043 6044 14
14306 68 0
3345 68 0
11547 6 0
5337 6 0
16906 42 0
3016 69 0
4385 41 0
8239 7571 19
480 68 0
8881 8658 19
990 51 0
16922 16408 21
8458 6 0
10111 68 0
15204 9 0
8310 6 0
10768 6 0
13692 6 0
10981 10805 19
15638 15156 19
12389 68 0
14683 14070 21
13478 42 0
11366 10880 21
4920 62 0
13216 13016 19
8229 51 0
10101 68 0
13088 41 0
15338 15195 21
16555 68 0
12450 11877 19
5389 24 0
12731 6 0
502 105 19
9710 104 12
5260 6 0
13394 13016 19
838 68 0
3399 68 0
7551 6 0
9256 51 0
14256 13982 21
13984 24 0
10283 9735 21
3615 2944 19
10747 6 0
11483 51 0
5475 41 0
9110 68 0
16232 6 0
1740 41 0
15842 15156 19
9244 7666 14
15292 47 0
12054 68 0
1075 141 21
16672 68 0
4734 68 0
4651 4223 19
9272 8724 21
13511 42 0
211 69 0
11744 6 0
16980 6 0
10227 69 0
11960 24 0
14413 13968 19
12458 68 0
9001 68 0
11550 6 0
6569 6 0
4345 4223 17
7060 6695 21
11303 10805 19
6124 62 0
12584 11877 19
12567 11877 19
9258 8755 21
9490 6 0
16289 6 0
5392 24 0
10226 9710 19
13860 6 0
8020 68 0
13362 13016 19
299 41 0
10743 6 0
15387 15156 19
5252 6 0
1147 119 21
9465 6 0
15824 15272 21
11170 10805 19
4018 6 0
4488 68 0
315 69 0
14918 6 0
15081 6 0
13508 42 0
14653 14070 21
4900 4317 21
16976 6 0
13569 51 0
3704 979 14
2258 68 0
6187 6188 14
14599 13968 19
3690 2944 19
9390 6 0
9321 54 0
5032 6 0
12854 6 0
8047 7571 19
9284 8771 21
16084 6 0
3425 2944 19
16825 16339 19
4446 4223 19
9800 41 0
251 41 0
4917 4224 21
12466 68 0
6217 5362 12
4921 69 0
1114 51 0
13849 6 0
417 68 0
12533 42 0
15470 15156 19
2364 51 0
5698 68 0
9590 6 0
10007 9710 19
7850 68 0
1748 1753 14
9282 42 0
7172 6746 21
12038 11877 19
6876 6632 19
7679 3135 14
15618 15156 19
10327 9813 21
14737 13968 12
10352 42 0
9728 24 0
12161 11877 19
6124 5362 19
11371 42 0
11858 6 0
7094 6644 21
15539 15156 19
16352 40 0
15290 41 0
4273 4277 14
12028 11877 19
6043 42 0
9336 6 0
11273 10805 19
91 50 8
1622 6 0
8075 68 0
15483 15162 21
14987 6 0
13792 6 0
15330 68 0
6002 5362 19
2621 6 0
16302 6 0
10345 42 0
8843 8658 19
6042 1807 14
2375 51 0
13476 13016 19
2223 1660 19
9621 6 0
9259 8658 19
12420 68 0
15433 68 0
993 42 0
14231 14051 21
894 68 0
597 286 21
16586 68 0
88 73 0
14605 1849 14
2965 2944 17
3675 69 0
13493 13056 21
201 9 0
5387 2431 14
1882 1660 19
478 105 19
6898 6632 19
4054 6 0
12869 6 0
13326 13016 19
11426 42 0
13702 6 0
171 24 0
4792 4235 21
4296 24 0
17273 6 0
16809 16339 19
7185 51 0
11399 10823 21
8784 8788 14
14529 14077 21
16838 51 0
14113 41 0
7992 7571 19
16398 24 0
12053 11884 21
15276 15156 17
3133 41 0
7863 68 0
15833 51 0
4708 68 0
8040 68 0
12537 69 0
1884 1660 19
11200 10892 21
3782 6 0
1298 6 0
5967 5362 19
14588 62 0
9395 6 0
1116 42 0
8289 6 0
4508 68 0
12208 68 0
8372 6 0
7011 68 0
12205 68 0
6285 6 0
17128 6 0
7708 7571 17
12924 6 0
12325 11877 19
584 105 19
15396 68 0
8221 2338 14
5617 68 0
9246 51 0
10647 6 0
10014 68 0
9912 68 0
3776 54 0
11348 68 0
619 105 19
7766 7571 19
16604 16339 19
11188 68 0
4488 4223 19
8502 6 0
14753 6 0
17258 6 0
2001 1660 19
15455 15156 19
12713 6 0
1380 6 0
8008 68 0
8903 8658 19
10357 9710 12
2421 51 0
5342 6 0
4872 42 0
9947 68 0
16229 6 0
15389 15156 19
16899 16343 21
5824 68 0
16288 6 0
16839 1843 14
4404 41 0
16060 6 0
8164 62 0
4432 68 0
3585 3107 21
15453 15216 21
2485 42 0
14253 13968 19
2410 1661 21
6334 6 0
13562 13016 19
5917 68 0
8624 6 0
7215 6 0
10094 9710 19
14651 13987 21
2787 6 0
16112 6 0
937 292 21
16679 16339 19
923 62 0
14653 51 0
3624 2960 21
3669 42 0
2266 1660 19
13923 6 0
14312 68 0
9315 8658 12
7894 68 0
7318 6 0
9903 9753 21
12881 6 0
5761 5362 19
16480 24 0
14624 1753 14
6112 4300 14
9670 6 0
10083 9710 19
12330 68 0
10279 51 0
10759 6 0
7330 6 0
12461 68 0
16280 6 0
16937 6 0
15870 42 0
8319 6 0
13501 167 14
2494 42 0
3699 69 0
2686 6 0
8837 8658 19
16887 16339 19
13420 68 0
327 41 0
612 148 21
1599 6 0
7731 68 0
11322 10805 19
13841 6 0
8135 7571 19
12397 68 0
9219 42 0
6921 6632 19
780 68 0
8155 62 0
719 278 21
9987 68 0
114 24 0
14105 41 0
2385 42 0
11785 6 0
781 105 19
10143 68 0
11587 6 0
2452 1767 21
6892 6632 19
3681 42 0
9190 9191 14
9175 68 0
1189 54 0
1560 6 0
6303 6 0
9328 6 0
16219 6 0
12029 11877 19
8146 7571 19
2426 1681 21
754 105 19
10270 9753 21
3568 42 0
8242 7571 19
13168 13016 19
14655 112 14
1384 6 0
14065 6033 14
10197 68 0
15214 24 0
5673 5362 19
12097 11877 19
5703 68 0
12225 68 0
3622 3116 21
12237 11877 19
1943 68 0
722 278 21
3771 2944 12
7346 6 0
15747 15213 21
5075 6 0
12310 11877 19
10552 6 0
11160 10805 19
8202 3738 14
15945 6 0
10630 6 0
734 105 19
4067 6 0
2227 68 0
2159 68 0
7270 6 0
10994 68 0
4633 68 0
11367 10887 21
2375 2376 14
12477 42 0
7788 7571 19
1796 69 0
8954 8759 21
15482 68 0
13994 41 0
1418 6 0
3058 69 0
5948 68 0
16878 16339 19
884 68 0
9567 6 0
1153 69 0
3157 47 0
6141 2457 14
4027 6 0
15377 15156 19
14316 13968 19
1794 41 0
16865 16433 21
7216 6 0
3572 42 0
3506 2944 19
1550 6 0
6128 5362 19
15521 15156 19
9820 24 0
8833 8658 19
6117 42 0
4020 6 0
8282 6 0
2985 24 0
9256 8672 21
569 105 19
12575 42 0
12542 42 0
829 162 21
9814 24 0
9754 24 0
4693 4223 19
16709 16339 19
3841 6 0
13144 41 0
3972 6 0
9307 8748 21
2028 1660 19
2501 62 0
1601 6 0
11571 6 0
1650 6 0
5726 68 0
15381 68 0
15106 6 0
985 42 0
3964 6 0
8921 8658 19
4273 40 0
762 105 19
10127 68 0
14839 6 0
939 105 19
293 24 0
8932 8658 19
15866 15156 19
15836 15225 21
6716 41 0
2507 42 0
11351 10805 19
13342 68 0
14331 13968 19
6760 24 0
2152 68 0
455 68 0
13343 13016 19
6349 6 0
12642 6 0
10056 9710 19
7809 68 0
13927 6 0
9928 68 0
4548 4327 21
6182 5362 19
8752 24 0
13542 62 0
1042 1043 14
3598 42 0
5724 5362 19
12049 68 0
10966 10805 19
2775 6 0
4524 68 0
8351 6 0
451 105 19
6110 200 14
9191 69 0
8235 4265 14
15368 68 0
9555 6 0
6173 42 0
16158 6 0
14316 68 0
15801 15181 21
939 940 14
4911 51 0
13285 13016 19
14464 13968 19
3904 6 0
16789 16339 19
800 105 19
6189 5471 21
7661 69 0
810 105 19
15874 15257 21
9061 8658 19
2012 1660 19
6138 346 14
8952 8658 19
14689 42 0
11397 10811 21
16799 16339 19
12211 11877 19
15499 15156 19
8195 7571 19
13567 13101 21
13076 9 0
347 351 14
4820 42 0
464 105 19
15804 15204 21
13986 41 0
3709 69 0
4818 4223 19
11972 24 0
7868 7571 19
8415 6 0
7784 7571 19
14208 68 0
16851 16450 21
2216 1668 21
9841 9710 17
633 68 0
8934 68 0
7829 7571 19
10651 6 0
12525 11962 21
4146 6 0
5978 68 0
14081 7 0
8193 7675 21
8168 62 0
5633 5362 19
10300 9710 19
5935 5362 19
2483 42 0
2653 6 0
9159 8679 21
2845 6 0
9233 42 0
3529 2944 19
7955 68 0
15958 6 0
1483 6 0
15986 6 0
10007 68 0
12363 68 0
3854 6 0
17227 6 0
13274 13016 19
9296 42 0
6102 5362 19
9182 68 0
10839 10805 17
9325 54 0
4190 6 0
7173 6632 19
410 105 19
16038 6 0
8838 68 0
3852 6 0
90 6 7
5619 5362 19
217 69 0
3196 68 0
2322 1815 21
13222 13056 21
6032 42 0
3605 42 0
11523 54 0
7667 7571 17
10328 9710 19
8911 8658 19
6209 5401 21
1670 41 0
16020 6 0
8104 7590 21
11449 3144 14
11284 10805 19
12573 11904 21
11042 68 0
2187 68 0
16734 16365 21
7725 68 0
1750 24 0
16558 68 0
16617 68 0
15804 42 0
4897 336 14
1188 42 0
4868 4312 21
12172 11877 19
3377 2944 19
2230 1660 19
13219 68 0
5879 68 0
12728 6 0
8154 3555 14
4372 4376 14
4365 69 0
9640 6 0
8941 8658 19
3980 6 0
6484 6 0
11280 10805 19
7909 7667 21
14908 6 0
16404 16339 17
5681 68 0
15478 15279 21
3214 68 0
16631 16339 19
950 951 14
13551 42 0
1185 105 19
14616 14077 21
173 41 0
7810 7610 21
14213 14005 21
2393 62 0
17225 6 0
6229 6 0
3737 2944 19
12386 68 0
11672 6 0
13594 6 0
12741 6 0
3625 42 0
12409 68 0
14287 68 0
16840 2367 14
13449 68 0
1252 6 0
666 105 19
11143 68 0
11315 68 0
254 69 0
5600 68 0
15785 5409 14
2773 6 0
3695 2944 19
2217 68 0
2363 1660 19
574 68 0
15329 15156 19
2249 1660 19
6375 6 0
15584 15156 19
2527 42 0
3608 42 0
7285 6 0
15772 15181 21
3779 6 0
14694 51 0
7880 68 0
1822 41 0
6990 6632 19
2454 2455 14
8366 6 0
13328 68 0
9549 6 0
11913 24 0
4977 6 0
61 2 1
8164 7571 19
691 68 0
15100 6 0
15169 24 0
6095 42 0
3585 62 0
15475 15213 21
5770 5426 21
7398 6 0
14134 14043 21
13042 24 0
657 68 0
2610 6 0
16502 16339 19
1202 6 0
11464 10805 19
3270 68 0
12523 11997 21
10632 6 0
2377 51 0
1188 960 14
4212 6 0
11225 10805 19
5638 5362 19
10181 9710 19
11035 10805 19
1154 105 19
8243 7571 19
181 41 0
12456 11877 19
17018 6 0
9559 6 0
14629 51 0
10213 9710 19
8199 7571 19
13246 13016 19
2183 68 0
8880 8658 19
9904 9710 19
7561 6 0
2336 69 0
4732 4223 19
6199 42 0
2256 68 0
10284 51 0
944 105 19
10070 68 0
8135 7189 14
8249 2324 14
11437 69 0
6421 6 0
2120 1660 19
12415 11877 19
16758 16339 19
13460 68 0
16916 51 0
8531 6 0
3422 2944 19
5368 5372 14
10871 24 0
5136 6 0
3060 9 0
5725 5362 19
10794 6 0
15738 68 0
6913 68 0
6210 5460 21
1338 6 0
8651 6 0
5008 6 0
12942 6 0
4878 4879 14
9631 6 0
15340 15156 19
5977 5362 19
7998 68 0
7654 24 0
720 68 0
9029 68 0
3177 2949 21
7085 6632 19
7026 68 0
7105 124 14
8337 6 0
10217 42 0
9959 9710 19
4700 68 0
15823 42 0
9955 9710 19
7098 6644 21
11823 6 0
9833 7 0
2393 1803 21
94 56 7
207 9 0
9054 8658 19
5057 6 0
1010 42 0
15784 15156 19
4475 4223 19
10349 9710 19
11951 8223 14
8826 68 0
3744 2944 19
3646 42 0
12678 6 0
2091 1660 19
961 42 0
6933 68 0
5925 68 0
2508 204 14
15613 68 0
8011 7571 19
4926 4223 19
13885 6 0
16864 16370 21
13535 42 0
1704 69 0
10554 6 0
2511 2512 14
11556 6 0
16873 16356 21
1128 1129 14
7195 54 0
3426 68 0
2399 1660 19
14129 24 0
11677 6 0
15474 68 0
14363 13968 19
1926 1660 19
1941 68 0
7308 6 0
14829 6 0
10161 68 0
4796 4797 14
13399 13016 19
1880 68 0
4573 68 0
15280 24 0
855 105 19
9090 8658 19
10899 41 0
10274 10275 14
3566 2978 21
2206 1660 19
11421 42 0
16373 41 0
8143 7590 21
11169 10805 19
2314 1660 19
11135 68 0
3552 2944 19
3398 2944 19
8137 1747 14
12200 11878 21
3475 68 0
5925 5362 19
12120 68 0
4817 4223 19
4319 41 0
9914 9710 19
6580 6 0
2497 1792 21
9952 9710 19
5520 5362 17
3790 6 0
1021 1022 14
2323 42 0
3467 2944 19
11798 6 0
7776 7571 19
3638 42 0
10919 24 0
12419 11877 19
6358 6 0
5919 68 0
14232 14030 21
16565 16339 19
867 68 0
12441 68 0
11751 6 0
5883 5362 19
5119 6 0
4800 4223 19
13818 6 0
14519 13968 19
4392 4223 17
12577 11884 21
7659 24 0
13531 42 0
7743 7679 21
14047 4382 14
15361 15156 19
2149 1660 19
7058 6719 21
9633 6 0
7039 68 0
2965 40 0
15573 15156 19
10341 42 0
4039 6 0
2408 1660 19
417 148 21
949 69 0
11408 42 0
13148 41 0
16770 16339 19
8244 51 0
16791 16356 21
608 105 19
1337 6 0
16571 68 0
5010 6 0
2948 41 0
12290 68 0
9768 24 0
2110 68 0
13106 24 0
10076 9710 19
8070 68 0
1042 105 19
13569 5512 14
3439 2944 19
5535 3000 14
11635 6 0
3578 2944 19
10384 6 0
4695 68 0
16922 5425 14
13276 13016 19
14701 14092 21
10976 68 0
281 41 0
2994 9 0
15896 42 0
4317 4223 17
1708 41 0
9151 68 0
9813 7 0
4134 6 0
2219 68 0
2294 69 0
3264 68 0
6711 69 0
10170 68 0
3491 2944 19
8220 42 0
15975 6 0
16774 16339 19
5588 5373 21
12188 68 0
2617 6 0
12454 11877 19
16416 16339 17
13564 4923 14
6266 6 0
7060 42 0
375 69 0
2041 1660 19
6224 6 0
13063 41 0
2345 1710 21
4452 68 0
3737 42 0
1092 1093 14
12154 68 0
6009 5494 21
4870 4871 14
1982 1755 21
14228 13968 19
8242 42 0
14518 68 0
16603 68 0
8099 7571 19
6202 69 0
12605 6 0
2681 6 0
10293 10294 14
5300 6 0
5522 41 0
16223 6 0
2528 1660 12
16815 42 0
11330 10805 19
7130 6632 19
13512 62 0
15213 9 0
5928 5362 19
16898 10280 14
8183 345 14
11377 1801 14
12283 68 0
7763 7571 19
4824 4345 21
6843 6632 19
13146 24 0
13724 6 0
2406 1660 19
7068 42 0
12305 11877 19
9174 8658 19
1921 68 0
8397 6 0
11416 10805 19
4527 4223 19
7155 42 0
9856 123 14
12489 945 14
5859 5362 19
15393 68 0
5506 41 0
15703 68 0
6130 5362 19
5806 5362 19
16855 42 0
7836 68 0
6152 62 0
7570 1 0
4757 68 0
5393 24 0
2761 6 0
1115 69 0
4681 4223 19
8073 7571 19
5035 6 0
5540 47 0
6062 5362 19
3564 3023 21
14462 13968 19
10143 9710 19
1320 6 0
10854 24 0
4130 6 0
9224 4935 14
2615 6 0
17183 6 0
2493 69 0
2964 69 0
10129 68 0
16886 42 0
5771 68 0
4825 42 0
11478 4417 14
12487 11955 21
5719 68 0
3712 2944 19
16576 68 0
14348 13976 21
12908 6 0
1678 69 0
6033 69 0
14957 6 0
10930 41 0
6836 6632 19
1118 105 19
5946 5362 19
4560 4223 19
4875 4223 19
618 68 0
11919 41 0
3055 24 0
12175 68 0
2212 1660 19
11317 68 0
6505 6 0
3244 2944 19
8033 68 0
16653 16339 19
9202 51 0
2476 2433 14
3604 51 0
2138 1660 19
8881 68 0
11839 6 0
4857 62 0
351 69 0
3805 6 0
16825 42 0
2244 1660 19
11522 10805 12
12189 11877 19
10012 68 0
12298 68 0
11374 4923 14
106 105 17
856 68 0
15069 6 0
12295 11877 19
16609 68 0
16717 16339 19
7112 200 14
8046 7571 19
5486 5362 17
16842 51 0
6804 68 0
10043 9710 19
13735 6 0
16489 16365 21
3559 1771 14
15784 15276 21
5838 68 0
1624 6 0
10004 9785 21
10269 3747 14
13171 13016 19
12201 11877 19
1448 6 0
15860 15244 21
10131 9710 19
5121 6 0
4155 6 0
8030 68 0
9889 9710 19
6768 24 0
3860 6 0
11226 10805 19
10329 42 0
9196 943 14
15761 69 0
6756 24 0
5516 41 0
5514 24 0
4783 68 0
11792 6 0
16621 68 0
3745 42 0
5571 5362 19
10498 6 0
12239 68 0
2284 1660 19
9010 8658 19
8386 6 0
12105 68 0
2935 6 0
14372 13968 19
4559 4224 21
8184 42 0
2416 1688 21
16924 2964 14
15772 62 0
16763 16339 19
4422 41 0
10608 6 0
8188 1741 14
16517 16339 19
6948 68 0
6220 54 0
9062 68 0
7721 68 0
12291 68 0
3615 3071 21
3110 69 0
12289 11877 19
11729 6 0
14287 13968 19
12266 11877 19
2517 1668 21
15318 15156 19
15606 15156 19
16027 6 0
13357 68 0
11601 6 0
1052 331 21
15818 15156 19
9885 9710 19
4407 47 0
9832 69 0
13428 13059 21
9266 8728 21
8802 24 0
13973 6044 14
16358 41 0
6042 62 0
16056 6 0
12414 68 0
10331 51 0
2122 1660 19
3708 62 0
13770 6 0
4465 4223 19
10202 9710 19
6575 6 0
15716 15156 19
1509 6 0
15301 41 0
3217 2944 19
16635 68 0
15328 68 0
4927 62 0
3677 3678 14
16657 16339 19
4714 4223 19
6075 42 0
2322 1107 14
9830 24 0
5524 5527 14
162 105 17
2438 1674 21
12232 68 0
1908 1668 21
16982 6 0
14555 13968 19
12482 4228 14
16824 62 0
14480 13968 19
15773 42 0
15090 6 0
696 68 0
304 24 0
14706 13968 19
16651 16365 21
2705 6 0
4961 4223 12
830 105 19
2533 1660 12
5930 68 0
10304 42 0
10696 6 0
6680 6632 17
14852 6 0
9115 8658 19
2017 68 0
11048 10805 19
9279 995 14
11238 10880 21
15424 68 0
961 155 21
16613 16339 19
10999 68 0
16667 16339 19
16915 16424 21
16198 6 0
4323 9 0
5433 41 0
6423 6 0
7757 68 0
15883 160 14
16404 3682 14
9042 68 0
5489 41 0
6109 42 0
15386 15171 21
14868 6 0
15833 42 0
8155 2439 14
2733 6 0
11365 9812 14
14893 6 0
3757 3096 21
9892 68 0
16862 16339 19
247 69 0
3175 2944 19
12436 11877 19
15871 62 0
5865 68 0
4464 68 0
6818 68 0
2497 51 0
4228 69 0
11142 10805 19
212 69 0
9400 6 0
12447 11877 19
8658 104 12
12223 68 0
10459 6 0
10 3 0
228 24 0
10395 6 0
13177 13016 19
14279 13968 19
10128 68 0
6893 6632 19
7492 6 0
7150 42 0
16062 6 0
7087 6746 21
3753 69 0
1928 1660 19
16688 16339 19
14628 13968 19
16157 6 0
457 105 19
11229 68 0
4842 4843 14
9095 8658 19
555 68 0
716 68 0
9524 6 0
521 68 0
14331 68 0
3271 2944 19
14866 6 0
1272 6 0
16530 68 0
12670 6 0
943 69 0
7451 6 0
16889 42 0
10962 10805 19
11818 6 0
6156 5500 21
1684 41 0
3727 69 0
7854 68 0
1409 6 0
2264 1660 19
13187 68 0
7573 24 0
12553 51 0
15883 15156 19
1819 69 0
4501 4223 19
4137 6 0
12408 11877 19
11248 68 0
12709 6 0
2502 42 0
3705 2944 19
4708 4223 19
2492 62 0
15738 15156 19
2150 1660 19
6698 6632 17
3059 69 0
6654 24 0
9945 68 0
16821 16339 19
10069 9710 19
12050 68 0
16609 16339 19
6140 5368 21
2410 62 0
11475 10805 19
9298 9299 14
3140 47 0
12539 11959 21
9311 51 0
6866 68 0
9296 5544 14
6855 68 0
10116 68 0
9946 9710 19
11517 10805 12
16542 16339 19
5824 5362 19
11736 6 0
15586 68 0
15502 68 0
7942 7571 19
4257 41 0
47 3 0
3586 3587 14
10934 24 0
3298 68 0
5455 5362 17
2446 1737 21
4261 40 0
4975 6 0
14539 68 0
365 69 0
7138 6698 21
1963 68 0
9869 24 0
1147 105 19
6253 6 0
11274 10805 19
6591 6 0
8897 8734 21
445 105 19
11219 68 0
5871 5362 19
6472 6 0
9032 68 0
4903 42 0
15427 15156 19
169 40 0
1522 6 0
10963 10805 19
7117 6632 19
8819 8658 19
13120 69 0
14392 13968 19
6199 5362 19
3718 42 0
10561 6 0
5701 68 0
15489 68 0
8915 8658 19
4911 4291 21
5943 5362 19
1185 1186 14
14773 6 0
10154 9710 19
15910 54 0
10359 54 0
1657 6 0
4792 42 0
11788 6 0
5929 5490 21
11182 10805 19
930 126 21
1168 42 0
754 68 0
14643 42 0
15736 15257 21
3457 2944 19
3291 2944 19
3945 6 0
2807 6 0
7087 42 0
4642 68 0
9200 1016 14
14755 6 0
14143 68 0
7735 7571 19
8235 62 0
5732 68 0
11232 10805 19
15390 68 0
16843 16339 19
3630 42 0
3391 2944 19
11499 10805 19
15983 6 0
3560 2944 19
5733 68 0
6132 5419 21
14098 24 0
14294 68 0
14507 13968 19
9953 68 0
17271 6 0
3085 41 0
9270 8665 21
12096 11877 19
3070 69 0
12463 11877 19
2092 1660 19
13167 13021 21
8876 68 0
11441 51 0
9222 182 14
13370 13044 21
8203 42 0
17242 6 0
10244 9808 21
3691 3161 14
8224 7658 21
7433 6 0
8474 6 0
13490 42 0
15728 15265 21
243 24 0
16520 16339 19
1472 6 0
224 69 0
10448 6 0
3120 41 0
6161 42 0
17213 6 0
8027 68 0
16625 16339 19
11418 10805 19
16523 68 0
2304 190 14
6057 5362 19
16543 16339 19
11414 10805 19
6795 6632 19
4645 4223 19
11086 68 0
8163 62 0
13031 24 0
662 68 0
13930 6 0
14296 13968 19
13294 13016 19
2177 1660 19
13873 6 0
6790 6727 21
3612 42 0
2509 1710 21
5318 6 0
7168 42 0
2718 6 0
1130 1131 14
4534 4223 19
2256 1660 19
11429 10908 21
4480 68 0
3321 68 0
15343 68 0
13501 13132 21
11830 6 0
16883 16339 19
9192 51 0
13193 68 0
5939 5362 19
9530 6 0
16769 68 0
12291 11877 19
12817 6 0
3650 69 0
12546 1009 14
13370 13016 19
9146 8659 21
9213 8658 19
16793 16339 19
888 68 0
3661 69 0
4661 4223 19
11068 10848 21
10515 6 0
16841 51 0
14625 42 0
14675 13982 21
7153 6632 19
11013 68 0
6946 68 0
13484 13047 21
3468 2944 19
7849 7571 19
15629 15156 19
822 105 19
7608 24 0
12888 6 0
5334 6 0
14162 68 0
4706 68 0
15782 69 0
14441 13968 19
5614 5362 19
15878 42 0
7218 6 0
15564 15156 19
746 134 21
1484 6 0
5983 5362 19
2181 1779 21
8075 7571 19
11303 68 0
9899 68 0
6014 68 0
9922 68 0
6134 4906 14
11496 42 0
9594 6 0
8168 7571 19
2007 68 0
8094 7571 19
13537 51 0
39 4 1
8745 24 0
10279 9819 21
5605 68 0
11473 10892 21
10364 54 0
8222 42 0
1419 6 0
13375 68 0
11917 24 0
15811 62 0
8448 6 0
12407 11877 19
14439 68 0
7140 7141 14
5717 68 0
11106 10805 19
8277 6 0
3634 42 0
14581 68 0
8806 24 0
12624 6 0
10247 9710 19
6806 68 0
10990 10805 19
7202 54 0
16577 16339 19
15921 6 0
12034 68 0
1706 9 0
8358 6 0
7124 6632 19
740 68 0
15538 68 0
10264 62 0
15220 69 0
4666 68 0
11764 6 0
14219 68 0
9848 24 0
12032 68 0
8171 51 0
14324 68 0
4795 42 0
14630 42 0
15512 15156 19
8186 7571 19
8472 6 0
7020 68 0
11848 6 0
2032 68 0
12380 68 0
2506 1660 19
14446 68 0
7991 68 0
8890 8658 19
6190 5504 21
311 41 0
5761 68 0
5105 6 0
7975 7571 19
10956 10805 19
9960 9710 19
15893 1831 14
6931 6632 19
8963 8658 19
14731 54 0
16749 68 0
13304 13016 19
8481 6 0
1754 69 0
3734 42 0
9676 6 0
11078 10918 21
9584 6 0
6963 6632 19
9216 8658 19
12141 68 0
5974 5362 19
16889 16339 19
6071 69 0
1730 1660 17
5626 68 0
11460 4277 14
8249 62 0
15814 42 0
8141 8142 14
6669 41 0
7833 7571 19
4892 42 0
14967 6 0
15825 3168 14
9096 68 0
10461 6 0
16699 16339 19
6865 68 0
7929 68 0
8125 225 14
13226 13047 21
3566 2944 19
13389 13016 19
15459 15156 19
5080 6 0
2023 1660 19
6901 68 0
16854 42 0
3317 68 0
16727 68 0
15241 24 0
3696 62 0
15101 6 0
8693 8658 17
15292 15156 17
3314 68 0
3152 1146 14
12718 6 0
2045 1660 19
13489 13016 19
9636 6 0
3284 2944 19
11434 2989 14
6685 24 0
8191 7571 19
13007 6 0
4850 4229 21
654 105 19
6120 42 0
4544 4223 19
14556 13968 19
366 105 17
8986 68 0
12471 42 0
17279 6 0
13647 6 0
5963 68 0
1971 1660 19
7622 24 0
980 270 21
8967 8665 21
5441 24 0
9195 8672 21
11377 10865 21
9299 69 0
2580 6 0
8364 6 0
6119 5362 19
11417 42 0
13158 24 0
3494 2944 19
8242 7616 21
8221 51 0
9785 9 0
4870 42 0
16846 42 0
16093 6 0
3518 2944 19
11692 6 0
9900 68 0
9255 42 0
5655 5362 19
9251 51 0
1164 1165 14
2150 68 0
15798 3086 14
1518 6 0
3393 2944 19
12422 68 0
2688 6 0
11414 42 0
7134 6734 21
13554 13026 21
743 68 0
6938 6632 19
3255 2944 19
12008 41 0
430 105 19
8976 8658 19
417 105 19
4460 4223 19
4608 4223 19
975 42 0
4495 68 0
10722 6 0
6854 6632 19
13987 40 0
8333 6 0
5558 68 0
6222 5362 12
14414 14092 21
11423 10805 19
4784 68 0
7134 51 0
9757 9710 17
12121 68 0
8161 7571 19
6066 3730 14
6380 6 0
5660 5362 19
988 989 14
879 68 0
402 68 0
14591 42 0
2811 6 0
11372 42 0
9304 8658 19
8533 6 0
17012 6 0
15400 68 0
3346 68 0
1358 6 0
6026 5362 19
12099 11877 19
17034 6 0
12317 11877 19
14795 6 0
7214 6 0
16850 62 0
12805 6 0
12697 6 0
6485 6 0
11743 6 0
8684 69 0
2387 69 0
16883 16884 14
11264 68 0
14070 13968 17
1042 278 21
6633 40 0
6684 6632 17
15746 68 0
921 42 0
10370 54 0
13961 6 0
7843 68 0
16106 6 0
7001 6632 19
8599 6 0
6145 42 0
16531 16339 19
14593 7713 14
12961 6 0
9283 51 0
11532 6 0
9346 6 0
3066 24 0
2112 1660 19
13223 68 0
9891 68 0
80 73 0
10356 54 0
15705 15156 19
2390 69 0
15257 5528 14
128 24 0
4605 68 0
3560 42 0
15550 68 0
561 68 0
10393 6 0
923 42 0
14016 41 0
4378 24 0
14654 168 14
4719 4223 19
13067 41 0
564 68 0
15385 68 0
5889 5362 19
13516 10913 14
697 105 19
2868 6 0
6964 68 0
4809 51 0
3433 68 0
31 32 3
15000 6 0
4025 6 0
5562 5431 21
1971 68 0
3598 51 0
63 13 2
8674 24 0
6190 2490 14
682 105 19
15756 1184 14
1134 105 19
11489 51 0
16695 16339 19
4094 6 0
2650 6 0
7203 54 0
5007 6 0
16896 4841 14
14960 6 0
6204 69 0
2134 68 0
4647 68 0
12460 11877 19
3270 2944 19
15438 68 0
7111 6703 21
4710 4223 19
3585 42 0
9075 68 0
14112 24 0
16220 6 0
7232 6 0
3520 2944 19
7010 6632 19
15353 15156 19
14850 6 0
259 41 0
8183 51 0
5643 5362 19
10348 2372 14
6156 5362 19
14067 24 0
13350 68 0
11155 68 0
13517 51 0
14427 13968 19
17178 6 0
4522 4223 19
10914 8150 14
3393 68 0
2452 1660 19
2305 1723 21
10296 9710 19
6672 213 14
11985 41 0
6140 42 0
6620 6 0
4834 42 0
14642 42 0
8012 68 0
5585 5362 19
9410 6 0
11080 68 0
14791 6 0
11420 1037 14
2522 51 0
4635 68 0
16840 16360 21
12136 68 0
5501 24 0
6207 69 0
14329 13968 19
7820 7571 19
2463 2464 14
8238 42 0
9260 42 0
6561 6 0
10678 6 0
7771 7671 21
6238 6 0
4952 42 0
5466 934 14
7989 7571 19
2502 1660 19
13277 68 0
13324 13016 19
6137 1053 14
1150 1151 14
13397 13016 19
10196 9710 19
1038 1039 14
15334 15156 19
11878 5518 14
936 69 0
4412 4223 17
9953 9710 19
15825 15248 21
682 177 21
9520 6 0
12914 6 0
8889 8658 19
12002 24 0
4750 68 0
16441 69 0
10684 6 0
16872 51 0
13523 13056 21
15680 15156 19
8828 8658 19
15627 15156 19
2968 41 0
6156 42 0
502 68 0
7083 6632 19
15884 62 0
838 105 19
8080 68 0
461 105 19
15697 15156 19
14144 68 0
17117 6 0
3346 2944 19
9437 6 0
3621 2949 21
3783 6 0
5797 68 0
11135 10805 19
13277 13121 21
13799 6 0
16721 16339 19
13059 2455 14
14511 13968 19
8042 68 0
6566 6 0
15779 42 0
15860 15156 19
2872 6 0
14576 14074 21
14770 6 0
767 105 19
13184 13109 21
8452 6 0
2173 68 0
11126 68 0
11435 10805 19
13712 6 0
646 68 0
552 105 19
2724 6 0
14597 62 0
12499 11877 19
4662 4383 21
11665 6 0
16859 16356 21
2595 6 0
6925 6652 21
14646 13969 21
3622 924 14
11607 6 0
8874 68 0
6905 6632 19
15790 42 0
14849 6 0
6023 5362 19
8344 6 0
8153 42 0
6073 5362 19
13256 68 0
14 15 2
6879 6632 19
3634 192 14
4552 4223 19
5022 6 0
15170 41 0
12506 62 0
12753 6 0
11154 68 0
3005 69 0
6911 68 0
6029 3094 14
4759 68 0
10369 9710 12
16170 6 0
1021 155 21
5440 5443 14
16801 16339 19
14589 14101 21
203 41 0
2485 2486 14
9738 41 0
11504 51 0
14384 13968 19
15114 6 0
15796 4300 14
16094 6 0
9443 6 0
4678 68 0
1240 6 0
14612 13991 21
14691 42 0
10248 9710 19
4957 54 0
9243 5443 14
3183 2944 19
13475 1172 14
7710 24 0
13213 13016 19
17138 6 0
5263 6 0
4896 4411 14
16899 16339 19
11429 42 0
13467 42 0
5838 5362 19
3569 3570 14
2224 1660 19
1067 42 0
7504 6 0
16343 16339 17
45 3 0
2652 6 0
13164 13016 19
2960 40 0
13169 13016 19
7075 7076 14
2917 6 0
1653 6 0
16360 16339 17
16475 1133 14
596 68 0
7785 7571 19
797 68 0
4762 68 0
13814 6 0
5364 24 0
3264 2944 19
11179 10805 19
14941 6 0
3880 6 0
4851 62 0
15513 68 0
13632 6 0
11370 8162 14
6136 5362 19
13515 13016 19
2426 2427 14
4902 4350 21
12646 6 0
2365 69 0
4608 4338 21
2806 6 0
1073 42 0
15771 51 0
864 68 0
1199 6 0
11270 10805 19
5989 68 0
14618 2422 14
16228 6 0
3708 3709 14
9114 8668 21
9227 69 0
13578 13016 12
16849 16339 19
3592 42 0
4692 4223 19
15268 2365 14
16557 16339 19
15968 6 0
16442 16339 17
11885 24 0
13142 24 0
10892 7 0
12434 68 0
3268 68 0
3183 68 0
7416 6 0
5543 41 0
4662 4223 19
7096 42 0
3685 3013 21
16856 16339 19
6149 5362 19
11153 68 0
6834 6632 19
3171 2944 19
16686 16339 19
5785 68 0
7671 7571 17
7764 7571 19
7986 68 0
8558 6 0
11013 10805 19
8996 8702 21
11445 10811 21
13500 3168 14
2545 6 0
16992 6 0
14341 13968 19
15306 1028 14
13252 13016 19
3007 69 0
1013 105 19
13298 68 0
12578 11955 21
13573 54 0
6352 6 0
17135 6 0
2190 68 0
4427 68 0
274 41 0
9177 8713 21
3828 6 0
13 3 0
8140 7571 19
3257 2944 19
15758 15156 19
1456 6 0
4496 4223 19
3449 2944 19
8917 8658 19
10860 1138 14
8207 42 0
2322 42 0
11079 68 0
15388 15171 21
12314 11877 19
2248 1660 19
16670 16339 19
751 68 0
1756 24 0
16064 6 0
7936 68 0
14269 68 0
9088 8659 21
15302 1825 14
4175 6 0
3458 3088 21
11595 6 0
11979 41 0
9938 68 0
14237 14026 21
1051 69 0
6353 6 0
2421 1660 19
5750 68 0
4951 42 0
4809 4307 21
10185 68 0
7899 68 0
7728 68 0
10617 6 0
6061 69 0
503 68 0
11519 54 0
645 68 0
11407 42 0
6957 6632 19
16747 16339 19
9952 68 0
15888 42 0
11247 10805 19
726 68 0
8603 6 0
10361 9710 12
10205 9710 19
445 68 0
12035 68 0
12182 68 0
11184 68 0
11128 68 0
2473 1826 21
2956 24 0
5358 6 0
15626 15156 19
3152 2944 17
9297 8685 21
13277 13016 19
4916 2379 14
5190 6 0
8764 69 0
3017 69 0
1112 1113 14
9547 6 0
5861 68 0
10380 6 0
15837 42 0
12448 11877 19
10119 9710 19
15094 6 0
5229 6 0
9238 62 0
6930 68 0
8637 6 0
4760 68 0
1860 69 0
12348 11877 19
4074 6 0
12241 11877 19
6218 54 0
2224 68 0
5889 68 0
12594 11877 12
12366 68 0
15624 68 0
4783 4223 19
11050 10805 19
6557 6 0
8221 7662 21
14277 14070 21
11786 6 0
5683 5362 19
9408 6 0
5266 6 0
15892 51 0
7842 68 0
8855 68 0
13295 68 0
10081 9841 21
12589 11877 19
11892 11877 17
15236 69 0
11501 995 14
16710 68 0
9546 6 0
4875 51 0
10325 9753 21
13393 68 0
7695 24 0
12475 11877 19
12787 6 0
10138 9767 21
11447 11448 14
3429 68 0
11910 41 0
8825 8658 19
9280 8658 19
9965 68 0
11509 10805 12
12356 68 0
15452 68 0
3244 68 0
16634 16339 19
3409 2944 19
6913 6632 19
15808 8738 14
7948 7571 19
6697 41 0
11451 10805 19
801 241 21
4227 41 0
8234 7577 21
5971 5396 21
12352 11877 19
10313 7631 14
8488 6 0
11203 10805 19
9392 6 0
13783 6 0
1020 69 0
5471 7 0
4946 42 0
6910 6632 19
5652 5362 19
5382 40 0
1956 68 0
12385 11877 19
11654 6 0
7960 68 0
967 309 21
6678 41 0
15844 15156 19
14094 24 0
9838 24 0
11186 68 0
11477 7598 14
2236 1710 21
1810 24 0
16940 6 0
15875 62 0
10272 9785 21
2155 68 0
4520 68 0
1589 6 0
13583 13016 12
23 3 0
1894 68 0
2426 51 0
811 68 0
8720 8658 17
10671 6 0
3610 2944 19
11655 6 0
2163 1660 19
14371 68 0
4814 3764 14
11932 41 0
2011 1660 19
13410 68 0
5786 68 0
15324 15156 19
1921 1660 19
6299 6 0
7147 6657 21
15218 41 0
6859 68 0
2077 68 0
5624 68 0
11399 42 0
2115 68 0
72 8 8
5691 5362 19
13366 68 0
4383 7 0
6723 7 0
3281 68 0
11438 10887 21
13469 4228 14
10805 18 0
15336 15156 19
7943 7658 21
14604 13969 21
15199 15156 17
14352 13968 19
11841 6 0
16442 8232 14
9067 8739 21
11656 6 0
10210 68 0
10288 51 0
16858 42 0
4944 42 0
12313 11877 19
7421 6 0
7765 68 0
15586 15156 19
15696 15156 19
15049 6 0
14647 1808 14
10000 68 0
10691 6 0
10237 42 0
1004 297 21
6297 6 0
8081 7571 19
11455 10865 21
9421 6 0
11139 10806 21
6942 68 0
11702 6 0
15567 68 0
194 24 0
903 68 0
16726 16339 19
17119 6 0
13810 6 0
2220 68 0
2472 69 0
9043 8658 19
12179 11877 19
7741 68 0
65 66 4
3415 68 0
1087 105 19
7240 6 0
7786 68 0
3681 2944 19
10304 6125 14
15802 62 0
1032 42 0
9053 68 0
11259 10805 19
6502 6 0
8961 68 0
13192 13016 19
13912 6 0
2945 2944 17
16806 16339 19
16673 68 0
14882 6 0
15222 24 0
6070 51 0
12134 11877 19
719 68 0
8040 7571 19
4179 6 0
12834 6 0
10488 6 0
3458 68 0
10510 6 0
3323 68 0
16912 16401 21
11333 68 0
4718 4223 19
11962 11966 14
11875 6 0
3673 1865 14
7692 41 0
2377 1737 21
14101 13968 17
2083 68 0
13671 6 0
14002 24 0
13242 68 0
15754 15156 19
3052 69 0
13465 51 0
10219 62 0
7124 51 0
12826 6 0
10289 9710 19
11253 10805 19
15632 68 0
16853 16340 21
14305 13968 19
12085 68 0
2419 1660 19
14330 13968 19
15138 6 0
6524 6 0
5085 6 0
6273 6 0
3041 3044 14
4219 6 0
1197 105 12
15578 15156 19
13847 6 0
1815 382 14
12268 68 0
4898 4223 19
1271 6 0
8228 7571 19
7071 1007 14
4811 4317 21
10302 51 0
7613 9 0
14658 8223 14
5731 5362 19
16856 42 0
1178 105 19
7147 1747 14
664 105 19
15613 15156 19
11044 10805 19
819 105 19
13655 6 0
3545 68 0
567 68 0
14709 4819 14
11396 10805 19
957 105 19
9801 9710 17
8134 42 0
3691 2984 21
17025 6 0
5872 68 0
15568 15156 19
2398 69 0
2649 6 0
4731 68 0
11971 11877 17
11155 10805 19
618 278 21
6111 5362 19
4957 4223 12
6181 42 0
13150 47 0
10257 9710 19
11152 10815 21
2541 54 0
12579 329 14
2870 6 0
5865 5362 19
4586 68 0
12496 51 0
14211 68 0
16429 16432 14
383 105 17
13026 2390 14
3668 42 0
8005 7671 21
12278 11989 21
17085 6 0
16438 24 0
2361 2362 14
15984 6 0
16875 3044 14
10599 6 0
9071 8759 21
534 105 19
4796 4261 21
6058 69 0
3175 68 0
8191 7671 21
16520 68 0
4634 68 0
15496 15156 19
5720 5362 19
16670 68 0
9309 8672 21
5355 6 0
931 155 21
3680 3060 21
7399 6 0
5016 6 0
12180 11877 19
980 42 0
17075 6 0
12492 11966 14
15915 15156 12
2946 24 0
10931 69 0
5416 2369 14
11141 68 0
7067 42 0
10239 42 0
12485 11877 19
11411 10805 19
13832 6 0
4254 4258 14
7083 6684 21
5129 6 0
4854 4855 14
14712 51 0
7903 68 0
1096 241 21
227 24 0
6195 69 0
10807 24 0
711 105 19
14709 42 0
8099 68 0
3871 6 0
11313 10805 19
3537 2944 19
6231 6 0
10770 6 0
1168 247 14
15361 68 0
12095 68 0
3013 9 0
11518 10805 12
12157 11877 19
7923 7571 19
2591 6 0
4834 4223 19
6775 41 0
9174 68 0
11066 10805 19
2361 1815 21
14041 24 0
7580 69 0
2496 51 0
8042 7571 19
8632 6 0
1728 69 0
11928 69 0
5584 68 0
7127 69 0
7938 7675 21
4438 4223 19
5686 5455 21
9873 9710 17
800 214 21
6867 6632 19
6142 5362 19
9513 6 0
13584 13016 12
13513 13109 21
8217 7640 21
15141 6 0
15884 15156 19
4321 69 0
4884 42 0
758 68 0
10142 68 0
5938 68 0
12744 6 0
13138 24 0
13157 47 0
7328 6 0
4085 6 0
14831 6 0
9314 42 0
9041 8658 19
8067 7571 19
95 56 7
6582 6 0
12604 11877 12
10244 62 0
7956 7571 19
3585 2944 19
3533 68 0
4707 4362 21
9105 8658 19
10270 9710 19
6175 42 0
5390 41 0
3657 42 0
13345 68 0
15331 68 0
2533 54 0
483 126 21
15459 68 0
4445 4367 21
9210 9211 14
13491 1806 14
1150 286 21
14617 1146 14
9016 8658 19
13308 13016 19
11041 68 0
11258 68 0
12576 51 0
13341 68 0
13855 6 0
14302 68 0
4703 4261 21
798 105 19
12927 6 0
659 68 0
10084 9710 19
8841 68 0
11727 6 0
14147 13968 19
12943 6 0
15079 6 0
12413 68 0
13521 6640 14
15337 15156 19
12500 11877 19
2531 1660 12
10570 6 0
2606 6 0
12424 68 0
2180 68 0
2134 1660 19
9746 41 0
10261 9710 19
2747 6 0
6208 5362 19
8421 6 0
7079 62 0
15441 68 0
5853 5477 21
103 1 0
3662 3663 14
1107 69 0
10283 190 14
11894 24 0
2283 1681 21
12048 68 0
1106 42 0
3162 47 0
16658 16339 19
16333 6 0
10391 6 0
466 220 21
16698 16339 19
13254 68 0
14137 13987 21
10799 6 0
4862 42 0
15212 41 0
3112 24 0
3353 2944 19
3265 68 0
16428 69 0
12594 54 0
13504 13016 19
16792 68 0
4939 4323 21
8885 68 0
3132 24 0
9828 69 0
6947 6632 19
5220 6 0
15621 15156 19
8174 7613 21
878 105 19
10780 6 0
10011 9710 19
4683 4223 19
15561 15156 19
14015 24 0
3057 41 0
10217 9710 19
17116 6 0
12910 6 0
9188 8658 19
5686 5362 19
6675 69 0
7029 6632 19
11509 54 0
11723 6 0
3680 62 0
2945 40 0
5603 68 0
2072 1660 19
10311 69 0
16867 42 0
13304 68 0
10620 6 0
15183 24 0
9602 6 0
475 68 0
15176 2495 14
15497 68 0
4855 69 0
13555 10280 14
371 375 14
16636 68 0
4127 6 0
9793 24 0
7103 42 0
8250 62 0
5051 6 0
1773 24 0
816 68 0
13842 6 0
9943 68 0
14698 14081 21
15353 15167 21
8576 6 0
13283 68 0
5056 6 0
436 105 19
13502 42 0
14568 68 0
15184 41 0
1890 1660 19
12592 54 0
1780 24 0
11462 10848 21
8208 7653 21
11490 10860 21
12433 11877 19
8781 24 0
15663 68 0
12467 68 0
4920 4223 19
2370 1102 14
14623 13968 19
9684 6 0
16075 6 0
14616 42 0
4159 6 0
27 13 2
2283 1660 19
16880 16339 19
8151 7662 21
3670 42 0
11400 3106 14
331 105 17
14628 14060 21
7756 68 0
2247 68 0
9189 69 0
15838 15181 21
15289 41 0
6943 6632 19
16713 16339 19
10336 9710 19
2125 1660 19
16881 16340 21
9591 6 0
3142 41 0
15252 328 14
2508 1661 21
2069 68 0
15440 68 0
6966 68 0
638 68 0
7643 7571 17
10806 40 0
1118 42 0
16888 1165 14
2299 51 0
2346 69 0
15831 3122 14
14140 68 0
14456 68 0
1985 68 0
9882 9710 19
7157 6166 14
8092 7571 19
13567 42 0
10031 68 0
2160 1660 19
1926 1668 21
13471 42 0
14814 6 0
10266 9796 21
748 68 0
10754 6 0
11285 68 0
5157 6 0
6849 68 0
731 105 19
6948 6632 19
11678 6 0
9225 8658 19
13047 40 0
10584 6 0
10022 68 0
795 155 21
15579 68 0
7022 68 0
2203 1737 21
14332 68 0
6309 6 0
14485 13969 21
5995 5513 21
1998 1660 19
6601 6 0
4617 68 0
13527 51 0
6719 6632 17
3991 6 0
10197 9710 19
4295 4300 14
5467 24 0
16448 41 0
8097 7571 19
525 286 21
1381 6 0
15821 51 0
2953 69 0
777 68 0
16658 68 0
13413 13016 19
10458 6 0
9553 6 0
16503 16339 19
12337 68 0
4063 6 0
5734 68 0
10511 6 0
15031 6 0
16057 6 0
2029 68 0
11418 7062 14
6112 5477 21
2522 42 0
12608 6 0
9297 42 0
4828 1039 14
849 105 19
9791 4244 14
4864 42 0
1060 1061 14
16656 16339 19
4317 4320 14
3115 69 0
7683 24 0
7111 5453 14
2133 1710 21
2151 1660 19
15875 42 0
6831 6632 19
12619 6 0
11207 10805 19
523 105 19
341 24 0
8805 47 0
9562 6 0
5931 68 0
7682 1186 14
3082 24 0
2679 6 0
10505 6 0
16815 4901 14
15869 42 0
9340 6 0
6981 6632 19
11409 62 0
14681 13968 19
5907 68 0
8234 7571 19
14119 47 0
15800 62 0
2436 51 0
4942 4943 14
3637 3060 21
16930 16339 12
3754 240 14
4507 4223 19
8216 7653 21
17164 6 0
15874 15156 19
15626 68 0
7065 62 0
14037 41 0
901 68 0
14974 6 0
12020 24 0
11781 6 0
1195 105 12
663 105 19
7975 68 0
5549 41 0
7317 6 0
11475 10830 21
6467 6 0
4661 68 0
2430 51 0
5593 5362 19
12488 42 0
1500 6 0
17020 6 0
5601 5362 19
8200 42 0
5529 5362 17
1042 62 0
3473 68 0
127 24 0
7905 68 0
10061 9833 21
12596 54 0
11484 1747 14
5404 69 0
14109 41 0
6067 42 0
15367 15156 19
7613 7571 17
6911 6632 19
8919 68 0
8895 68 0
4479 4295 21
4413 24 0
1674 40 0
13492 13016 19
13119 41 0
10305 9837 21
3669 3555 14
8110 7571 19
7145 6632 19
613 105 19
10320 9710 19
7014 6632 19
8700 41 0
1247 6 0
4059 6 0
11719 6 0
5861 5362 19
16587 16339 19
14032 24 0
7193 6632 12
14703 42 0
7043 6632 19
11487 10805 19
8838 8658 19
10165 68 0
10236 69 0
15864 15162 21
4897 4392 21
7627 69 0
16703 16339 19
17231 6 0
14051 9 0
5471 3606 14
6863 68 0
9698 6 0
6832 6632 19
13513 13016 19
10296 9841 21
3745 2944 19
11347 68 0
6096 5445 21
14410 13968 19
16341 24 0
15437 68 0
7877 7599 21
10003 9710 19
7371 6 0
6004 68 0
3239 68 0
6773 24 0
606 105 19
9480 6 0
1987 68 0
3433 2944 19
14547 68 0
14592 7055 14
8185 7571 19
11185 68 0
10221 42 0
6178 69 0
2523 69 0
7718 7571 19
8534 6 0
15454 15156 19
8526 6 0
16732 16388 21
11154 10805 19
9610 6 0
12351 68 0
1960 68 0
16913 16339 19
14891 6 0
1054 105 19
12990 6 0
3643 2944 19
519 68 0
5551 68 0
6617 6 0
9138 68 0
11369 42 0
3406 68 0
4720 4223 19
4003 6 0
5890 68 0
16475 47 0
13223 13016 19
16810 16397 21
16641 16446 21
13371 13016 19
832 105 19
8875 8658 19
12672 6 0
834 68 0
15602 15156 19
4993 6 0
1410 6 0
975 105 19
16167 6 0
1764 41 0
6151 5362 19
5445 4949 14
2788 6 0
16729 68 0
15762 15167 21
16547 68 0
3741 69 0
1743 1660 17
13676 6 0
4299 41 0
2479 1660 19
12256 68 0
3414 2944 19
6113 42 0
13555 13016 19
8602 6 0
15261 15156 17
5368 40 0
15754 42 0
2598 6 0
13262 68 0
8503 6 0
14570 68 0
14330 68 0
8144 69 0
10996 10805 19
6112 5362 19
15323 68 0
15914 15156 12
5799 68 0
11085 10805 19
6370 6 0
8454 6 0
2415 69 0
7539 6 0
3590 3130 21
5805 68 0
7963 68 0
14364 68 0
14422 68 0
3655 3656 14
10331 42 0
3326 2944 19
4589 68 0
15557 15156 19
11358 10805 19
8158 8159 14
640 241 21
7540 6 0
15797 15167 21
15695 15191 21
15048 6 0
13377 13016 19
16829 42 0
9319 8658 12
16882 42 0
17032 6 0
7962 7571 19
6487 6 0
15488 15156 19
15904 15156 12
15360 15156 19
13420 13016 19
15219 41 0
4530 4223 19
8775 8658 17
14765 6 0
6833 68 0
16869 16370 21
6089 69 0
1173 105 19
4526 68 0
6447 6 0
24 3 0
3668 2944 19
4686 68 0
13815 6 0
8918 8658 19
5228 6 0
14465 68 0
8857 8709 21
9859 41 0
9 8 1
12275 68 0
2189 68 0
8265 7571 12
14251 68 0
8652 6 0
7295 6 0
14725 13968 12
3708 2944 19
16234 6 0
2322 1660 19
1077 42 0
4755 68 0
1698 69 0
15848 42 0
3187 2944 19
16863 16339 19
12535 321 14
2916 6 0
3274 68 0
12293 11877 19
10645 6 0
553 68 0
9683 6 0
7031 6632 19
14668 13968 19
6834 68 0
10220 9785 21
16728 68 0
6792 6632 19
14655 14097 21
8198 4337 14
11445 42 0
14091 69 0
6198 69 0
16755 68 0
6064 3110 14
11042 10805 19
15791 15156 19
5003 6 0
13555 13064 21
8728 8732 14
3111 2308 14
12311 11877 19
15852 15175 14
14600 14047 21
11647 6 0
1566 6 0
4646 68 0
8863 68 0
7729 7571 19
8516 6 0
9307 1704 14
9956 9710 19
10110 9710 19
11740 6 0
6139 1135 14
16443 24 0
9005 8771 21
10514 6 0
5863 68 0
3188 2944 19
2987 41 0
4478 4223 19
8737 41 0
7665 41 0
12364 68 0
9273 4266 14
16813 16339 19
8379 6 0
347 47 0
15677 15156 19
9525 6 0
2119 1660 19
