3339
6962 6760 20
16971 16857 22
9671 9220 22
7214 6633 22
8196 7585 20
6948 6677 20
13514 13130 20
4495 4287 20
3446 3148 20
7799 7614 20
14513 14041 20
13312 13091 20
11214 10915 20
3464 3073 20
3527 3154 20
9334 9223 22
12158 11925 20
16985 16813 22
12612 12511 22
12659 12579 22
647 340 20
14397 14035 20
15061 14668 22
12636 11884 22
11462 10813 20
7816 7654 20
12057 11926 20
4597 4263 20
7862 7641 20
4194 3679 22
6610 6162 22
12148 12023 20
5850 5427 20
5713 5369 20
16512 16469 20
11016 10855 20
5749 5547 20
4128 3064 22
3693 3020 20
5891 5393 20
11675 11406 22
8513 8229 22
3479 2967 20
10177 9797 20
5769 5437 20
14834 14687 22
9300 8807 20
8330 7586 22
12151 11998 20
12327 11889 20
6154 5457 20
1338 155 22
11093 10934 20
12333 11889 20
2146 1857 20
3976 3008 22
9092 8806 20
11081 10807 20
13860 13476 22
5251 4836 22
16903 16482 20
471 209 20
14410 14066 20
9208 8692 20
7356 6672 22
12410 12011 20
13730 13052 22
6032 5526 20
10723 9808 22
16265 15257 22
8655 7708 22
17192 16419 22
15429 15311 20
15997 15176 22
4506 4262 20
16502 16451 20
7737 7659 20
11229 10832 20
592 378 20
5597 5467 20
10354 9816 20
17047 16845 22
2053 1787 20
9985 9853 20
3372 3108 20
11343 10909 20
9314 8730 20
15506 15223 20
4641 4334 20
3875 3755 22
11707 11388 22
8919 8793 20
4200 3717 22
10639 9781 22
4639 4313 20
7279 7107 22
7313 6657 22
11054 10861 20
1889 1712 20
8565 7647 22
16566 16430 20
10576 10240 22
1526 1065 22
2904 1826 22
16726 16371 20
15530 15304 20
13305 13155 20
17111 16917 22
13385 13023 20
2816 1767 22
3499 3083 20
3828 3728 22
12197 11905 20
16266 15257 22
15806 15231 20
10958 10855 20
16942 16340 22
10993 10915 20
867 127 20
2099 1712 20
11618 11370 22
1379 177 22
12624 11884 22
7232 6637 22
9338 9223 22
10962 10906 20
8236 7656 20
15608 15158 20
15475 15193 20
671 227 20
10536 9747 22
3231 2973 20
6612 5520 22
604 293 20
6006 5421 20
6511 6172 22
10252 9826 20
15678 15187 20
10204 9842 20
8917 8721 20
14568 14010 20
8958 8806 20
6549 5471 22
422 186 20
4623 4313 20
11056 10945 20
5950 5374 20
3913 2984 22
10340 9835 20
16823 16462 20
5996 5502 20
4725 4357 20
15657 15223 20
2234 1780 20
13648 13030 22
6287 6146 22
3548 3077 20
12495 11991 20
1941 1862 20
15640 15230 20
13886 13551 22
2568 2373 22
6603 5508 22
8171 7596 20
8284 7572 22
15364 15201 20
1409 193 22
14272 13974 20
3194 2962 20
1969 1762 20
7067 6697 20
16259 15252 22
13849 13093 22
3369 3061 20
3216 2947 20
7049 6654 20
406 340 20
3321 3031 20
3417 3112 20
12412 11957 20
12216 11909 20
10601 10314 22
427 258 20
9984 9853 20
13387 13057 20
12817 11929 22
13268 13102 20
16072 15769 22
591 209 20
8987 8729 20
16149 15216 22
17067 16375 22
13538 13068 20
2925 1844 22
2202 1856 20
14628 14023 20
7506 7131 22
16258 15252 22
2199 1669 20
8995 8686 20
8360 8216 22
11490 10856 20
511 194 20
6790 6708 20
7048 6653 20
11342 10934 20
9107 8790 20
4650 4303 20
11177 10849 20
16247 15869 22
8566 7647 22
6117 5390 20
9230 8671 20
6112 5371 20
3879 3688 22
6843 6654 20
987 196 20
2056 1707 20
7892 7618 20
8881 8710 20
13600 13495 22
6227 5363 22
2000 1846 20
9657 8751 22
792 367 20
3320 3019 20
7948 7644 20
7000 6708 20
16838 16374 20
3598 3091 20
5681 5398 20
13439 13074 20
1988 1768 20
8984 8781 20
4746 4249 20
457 367 20
12777 11916 22
6016 5531 20
13955 13137 22
5988 5398 20
7794 7644 20
11062 10910 20
13859 13549 22
11751 10869 22
7020 6729 20
14546 14121 20
17214 16811 22
8168 7585 20
7716 7644 20
8608 8207 22
9156 8797 20
13195 13091 20
5118 4874 22
9992 9825 20
998 188 20
11793 11367 22
14390 14044 20
3616 3004 20
8640 8245 22
10022 9723 20
17004 16352 22
3369 3147 20
11241 10898 20
4556 4262 20
2325 1697 20
6991 6699 20
2193 1817 20
16958 16904 22
15421 15178 20
5109 4878 22
6837 6649 20
8925 8725 20
16798 16485 20
12275 11909 20
11030 10825 20
12642 11888 22
14227 14003 20
13339 13018 20
4695 4384 20
14837 13991 22
1983 1696 20
7020 6760 20
2203 1851 20
4137 3695 22
12317 11990 20
15830 15194 20
7260 6644 22
9502 8702 22
5181 4804 22
8470 8211 22
8278 7572 22
6550 6134 22
11681 11367 22
8100 7623 20
14610 14012 20
9938 9772 20
12741 11908 22
11839 10914 22
8105 7672 20
8026 7700 20
15962 15766 22
9238 8737 20
8355 8153 22
1497 234 22
11386 10907 20
10204 9728 20
5997 5389 20
11190 10828 20
9475 8693 22
13440 13123 20
12152 11925 20
12164 11999 20
6982 6686 20
13302 13098 20
8888 8740 20
509 250 20
10704 9801 22
8512 7632 22
4950 4404 20
4554 4297 20
1592 959 22
719 150 20
602 348 20
9558 9213 22
2646 2525 22
7311 6657 22
3505 3089 20
9126 8797 20
11107 10870 20
11002 10840 20
13375 13138 20
3894 3608 22
12270 11952 20
2489 1670 20
15531 15274 20
7389 6680 22
5715 5441 20
7791 7676 20
16572 16480 20
3315 3014 20
6599 6168 22
15404 15287 20
14869 14001 22
12206 11953 20
11255 10850 20
16992 16908 22
16924 16461 20
7322 6657 22
9181 8793 20
2299 1708 20
14587 13971 20
1243 1182 22
5864 5383 20
7340 6666 22
16553 16394 20
2391 1769 20
15716 15303 20
9507 9229 22
16620 16389 20
9922 9809 20
8928 8797 20
7518 6727 22
6273 5373 22
845 272 20
14959 14637 22
863 372 20
11218 10817 20
8105 7600 20
6824 6649 20
887 179 20
14602 14126 20
9158 8785 20
5717 5509 20
4648 4241 20
3453 3118 20
13008 12479 22
16144 15216 22
13961 13153 22
16755 16464 20
3321 3065 20
14694 14008 20
12517 11906 20
3234 3048 20
14574 14082 20
529 156 20
15482 15299 20
453 317 20
5939 5406 20
4753 4308 20
5114 4273 22
10340 9751 20
11689 10848 22
16729 16389 20
4924 4256 20
3549 3102 20
6175 5510 20
17106 16886 22
16828 16350 20
16190 15845 22
7248 6641 22
843 332 20
8841 8741 20
11449 10843 20
4657 4231 20
2579 2473 22
7441 6698 22
10186 9863 20
5085 4903 22
3280 3048 20
1427 1044 22
14137 13993 20
16649 16468 20
14582 13997 20
1286 923 22
10013 9797 20
13948 13523 22
8614 7671 22
16809 16425 20
4178 3107 22
7416 6690 22
3757 2968 20
13490 13130 20
3174 2947 20
3426 3082 20
8186 7635 20
10415 10300 22
10347 9864 20
4573 4368 20
3201 3141 20
6362 6141 22
8935 8674 20
3417 2962 20
16204 15772 22
10310 9835 20
15062 14594 22
16824 16448 20
11465 10882 20
17239 16442 22
16638 16464 20
15335 15246 20
12347 12016 20
15400 15159 20
8890 8752 20
4480 4240 20
8872 8661 20
7180 6646 20
14619 14019 20
10214 9830 20
5874 5369 20
10256 9730 20
4532 4414 20
4967 4897 22
16224 15240 22
14423 14044 20
15461 15298 20
4435 4352 20
7085 6730 20
15545 15201 20
5778 5406 20
4988 4229 22
5950 5542 20
17030 16842 22
14478 14041 20
15824 15170 20
4075 3046 22
9644 8744 22
15477 15210 20
14437 14083 20
7561 6755 22
13795 13562 22
10701 10261 22
8111 7637 20
15947 15162 22
14701 14028 20
9207 8706 20
12253 11889 20
15526 15312 20
3197 3024 20
13755 13056 22
12257 11940 20
15550 15253 20
5977 5525 20
7033 6748 20
11298 10915 20
10700 9801 22
3323 3147 20
3440 3097 20
9049 8756 20
9633 8739 22
1032 158 20
3484 3158 20
2105 1799 20
4783 4357 20
4814 4232 20
12879 12555 22
15863 15166 20
2111 1804 20
6455 5431 22
7924 7680 20
15316 15196 20
14542 14128 20
14418 14021 20
10160 9759 20
7033 6642 20
10266 9799 20
5089 4267 22
3603 2948 20
10312 9783 20
2707 1717 22
2004 1787 20
2423 1813 20
13404 13110 20
13829 13496 22
6511 6142 22
15702 15183 20
9005 8714 20
2880 2395 22
9213 8723 20
15543 15259 20
5623 5462 20
6802 6761 20
8928 8660 20
1257 1098 22
12221 11968 20
4046 3035 22
9184 8772 20
16667 16367 20
15742 15164 20
2123 1731 20
11078 10949 20
7284 7075 22
4663 4351 20
9704 8784 22
3752 3119 20
1891 1810 20
16600 16434 20
10305 9800 20
2084 1773 20
13174 13066 20
10765 9833 22
1605 993 22
7904 7700 20
2212 1683 20
444 280 20
2281 1821 20
2357 1836 20
3329 2955 20
11114 10840 20
14503 14103 20
11421 10889 20
9069 8766 20
6454 6039 22
12699 12553 22
6288 5377 22
12752 12494 22
6034 5464 20
15407 15223 20
14963 14593 22
13867 13489 22
4790 4299 20
11392 10894 20
5806 5432 20
5812 5402 20
8001 7654 20
9584 9241 22
8397 7603 22
3333 3125 20
16011 15181 22
3566 3085 20
822 333 20
9506 9253 22
7950 7629 20
4051 3035 22
5738 5478 20
12351 11998 20
2917 1833 22
10503 9739 22
14551 14035 20
9239 8671 20
9057 8680 20
5285 4897 22
11781 10880 22
15342 15249 20
13771 13059 22
425 195 20
16331 15302 22
9880 9810 20
17178 16411 22
12933 11962 22
3208 3024 20
975 342 20
3763 3127 20
11657 10835 22
4607 4225 20
13252 13023 20
12311 11987 20
7289 7113 22
4804 4227 20
11265 10828 20
5588 5501 20
7853 7574 20
4147 3081 22
6255 5368 22
5354 4402 22
4617 4393 20
6231 5363 22
9457 8689 22
7037 6667 20
13788 13064 22
1247 119 22
4924 4304 20
1898 1781 20
8497 8204 22
4453 4231 20
6954 6724 20
3885 2978 22
5591 5364 20
10011 9806 20
2783 1748 22
8935 8760 20
7316 7099 22
1303 141 22
535 243 20
8151 7657 20
804 250 20
12886 12471 22
9115 8745 20
11132 10888 20
8059 7680 20
2577 1674 22
15567 15303 20
6806 6757 20
16027 15186 22
7884 7595 20
15486 15277 20
6098 5433 20
5581 5495 20
6533 5460 22
3471 3089 20
11031 10824 20
6863 6649 20
4054 3035 22
434 287 20
9963 9798 20
1889 1682 20
4660 4413 20
5587 5432 20
17236 16442 22
13414 13146 20
3869 3688 22
4047 3035 22
3643 3119 20
11443 10809 20
561 202 20
9082 8793 20
2868 2442 22
1986 1810 20
11362 10897 20
16825 16342 20
9496 9280 22
1911 1701 20
10003 9793 20
2571 2442 22
1401 193 22
3653 3057 20
5790 5473 20
13913 13116 22
2874 2314 22
5937 5402 20
13635 13026 22
1610 309 22
10339 9716 20
12757 11912 22
16101 15204 22
14306 14120 20
14331 14129 20
13469 13084 20
2852 1786 22
9135 8749 20
12866 12572 22
3607 3049 20
3236 3066 20
460 250 20
3991 3728 22
11130 10871 20
418 271 20
9018 8756 20
2905 2507 22
11079 10919 20
9181 8673 20
7225 7108 22
11041 10854 20
2313 1697 20
13251 13054 20
10971 10808 20
3383 3077 20
566 127 20
16503 16413 20
16565 16341 20
10139 9848 20
13496 13024 20
11834 11386 22
606 354 20
12252 11939 20
7162 6688 20
9563 8717 22
4173 3101 22
5972 5509 20
8872 8686 20
6435 5426 22
14259 14117 20
3297 3030 20
13557 13067 20
10459 9727 22
16517 16341 20
901 367 20
4757 4274 20
14508 14036 20
832 170 20
3814 2954 22
1450 214 22
5598 5521 20
16552 16413 20
12114 12011 20
13855 13093 22
8869 8797 20
2697 1710 22
7549 6751 22
16233 15796 22
880 127 20
2355 1676 20
12442 11982 20
8877 8669 20
16909 16381 20
2801 2293 22
6808 6653 20
12047 11930 20
7771 7696 20
15633 15299 20
16704 16412 20
12621 11878 22
9224 8769 20
3326 3126 20
16660 16367 20
15661 15241 20
15808 15207 20
10027 9805 20
14373 13992 20
14461 14079 20
2247 1851 20
10211 9768 20
14638 13986 20
1597 959 22
9173 8749 20
6115 5511 20
404 195 20
4533 4297 20
14346 14007 20
670 187 20
11175 10888 20
10413 9718 22
16007 15750 22
15127 14707 22
768 325 20
15981 15171 22
9921 9773 20
5899 5505 20
5281 4338 22
5825 5406 20
15938 15850 22
4630 4269 20
14533 14079 20
10155 9842 20
683 121 20
4198 3604 22
10187 9737 20
10110 9853 20
10764 10305 22
8892 8666 20
12740 11908 22
11148 10876 20
6466 5436 22
12050 12019 20
10073 9866 20
4072 3721 22
2651 2386 22
16668 16452 20
12650 11888 22
3383 3047 20
17241 16442 22
13662 13030 22
17240 16442 22
11321 10942 20
16186 15892 22
13488 13079 20
11073 10885 20
9497 9276 22
12043 11990 20
9436 8685 22
3219 3126 20
7465 7120 22
11022 10817 20
8398 7603 22
6258 5373 22
11380 10882 20
9366 8668 22
5770 5388 20
11436 10921 20
6041 5395 20
5195 4307 22
11073 10928 20
537 361 20
9192 8750 20
1487 1187 22
3855 3744 22
2124 1731 20
10042 9820 20
11122 10840 20
2916 2525 22
3384 2980 20
8454 8222 22
12325 12007 20
3207 2961 20
2632 1688 22
736 163 20
12518 12013 20
10138 9719 20
14779 14661 22
3218 3031 20
1905 1773 20
8490 8172 22
8345 7590 22
5726 5407 20
2771 1748 22
4783 4373 20
11579 10815 22
10265 9751 20
12300 12002 20
4494 4268 20
7035 6700 20
2575 2432 22
12439 11909 20
3801 3647 22
12870 12549 22
16003 15176 22
7947 7614 20
8236 7612 20
11473 10847 20
16021 15864 22
9080 8698 20
5240 4323 22
10969 10934 20
7330 6662 22
5045 4924 22
3274 3042 20
551 149 20
1412 978 22
10219 9839 20
6921 6658 20
7839 7648 20
11625 10827 22
14468 14102 20
7138 6694 20
11799 11397 22
17025 16360 22
453 127 20
13676 13567 22
778 349 20
5148 4291 22
16562 16385 20
7950 7637 20
9907 9748 20
10149 9715 20
5284 4345 22
3383 2955 20
2240 1744 20
2903 1826 22
16042 15191 22
11875 10944 22
2501 1813 20
4990 4229 22
12950 12583 22
5642 5369 20
9646 8748 22
5673 5417 20
3731 3043 20
9943 9797 20
4640 4363 20
15317 15254 20
12847 12502 22
733 195 20
3710 3113 20
4456 4351 20
11497 10935 20
15741 15168 20
9224 8795 20
4640 4420 20
3795 2949 22
2798 1755 22
10773 9841 22
13911 13116 22
1571 278 22
3547 2967 20
14769 13973 22
15935 15157 22
4874 4370 20
7476 7160 22
2643 2355 22
2001 1845 20
13012 12022 22
6004 5428 20
14352 14044 20
4563 4358 20
1960 1696 20
2034 1689 20
7439 6698 22
11136 10817 20
9508 8702 22
13417 13042 20
2795 1755 22
10747 9823 22
6922 6681 20
13825 13086 22
13465 13119 20
8562 7647 22
2841 2406 22
6904 6773 20
7236 7094 22
2776 2508 22
17184 16411 22
6791 6707 20
12149 11982 20
10248 9756 20
9385 8672 22
5901 5378 20
14219 14093 20
413 120 20
4213 3638 22
16994 16813 22
4562 4379 20
10797 9862 22
3545 3065 20
15144 14110 22
15684 15249 20
9381 8672 22
7035 6691 20
3171 3125 20
15046 14700 22
4632 4324 20
1314 1036 22
2709 1717 22
16491 16353 20
4665 4308 20
11300 10945 20
11416 10894 20
11108 10840 20
1004 273 20
8445 7610 22
12441 11983 20
10994 10910 20
789 208 20
14600 13985 20
13678 13035 22
2166 1874 20
3912 2984 22
13717 13047 22
5325 4377 22
10377 9711 22
7407 6690 22
1048 294 20
14132 14079 20
4588 4387 20
502 202 20
14558 13992 20
4484 4303 20
8220 7669 20
16226 15772 22
6590 6054 22
16781 16480 20
15530 15200 20
1405 193 22
15411 15163 20
14146 13977 20
13366 13066 20
11844 11417 22
14441 14098 20
11007 10910 20
9954 9809 20
8137 7630 20
15682 15287 20
7987 7583 20
7855 7578 20
3174 2966 20
2713 2361 22
14943 14020 22
1199 1031 22
4567 4393 20
5922 5530 20
1569 278 22
5242 4877 22
16151 15216 22
5775 5509 20
12951 11971 22
6274 5373 22
10193 9754 20
17164 16911 22
5874 5378 20
14180 14075 20
15559 15266 20
4778 4378 20
16871 16418 20
2223 1827 20
6810 6638 20
13699 13044 22
15726 15298 20
7968 7591 20
443 249 20
16321 15864 22
17089 16384 22
2908 1826 22
480 127 20
17143 16401 22
16236 15244 22
3909 2984 22
7186 6670 20
6356 5396 22
757 384 20
6952 6658 20
7135 6664 20
11341 10916 20
733 249 20
17157 16404 22
4734 4255 20
897 194 20
1524 248 22
8372 8241 22
4053 3647 22
10425 10242 22
4124 3064 22
669 179 20
17228 16437 22
10076 9843 20
10037 9866 20
9027 8699 20
16582 16371 20
1624 969 22
672 298 20
2335 1732 20
13745 13056 22
5658 5432 20
5273 4332 22
906 265 20
10523 10318 22
7487 7188 22
7068 6688 20
4854 4298 20
6807 6658 20
11691 11423 22
13357 13045 20
12605 12497 22
762 368 20
11790 11424 22
11103 10916 20
1980 1799 20
2606 2520 22
692 121 20
11496 10856 20
2749 2498 22
12515 12014 20
13184 13128 20
601 170 20
5959 5407 20
4704 4329 20
9202 8747 20
6597 5504 22
16596 16476 20
9250 8712 20
4622 4288 20
9654 8751 22
10627 9775 22
9081 8767 20
1914 1683 20
15848 15202 20
13823 13081 22
1421 201 22
12422 11889 20
7775 7709 20
12085 11947 20
448 243 20
7984 7676 20
11016 10915 20
6011 5542 20
6026 5420 20
4573 4318 20
2502 1697 20
796 215 20
2159 1874 20
13358 13065 20
17289 16810 22
13802 13520 22
10191 9728 20
2574 2295 22
15637 15233 20
725 349 20
15352 15192 20
1292 141 22
12246 11973 20
7528 7081 22
15042 14051 22
5859 5437 20
15399 15283 20
6127 5507 20
15877 15212 20
15516 15206 20
13264 13154 20
4716 4255 20
15603 15168 20
10515 9743 22
13443 13117 20
7543 6746 22
7440 6698 22
16805 16438 20
13598 13017 22
15042 14604 22
681 107 20
9298 8730 20
16799 16469 20
5565 5383 20
6847 6736 20
6315 6099 22
14307 14098 20
14551 14098 20
16833 16350 20
16021 15186 22
10024 9744 20
12276 11999 20
5801 5427 20
7151 6705 20
15147 14635 22
1203 923 22
12128 11978 20
14380 14052 20
12728 12515 22
6969 6756 20
12115 11990 20
413 279 20
13849 13470 22
3489 3163 20
8644 7694 22
12660 11892 22
15884 15189 20
13545 13084 20
2236 1793 20
15737 15233 20
16193 15229 22
12908 11955 22
14821 14686 22
15690 15273 20
3630 3103 20
5965 5482 20
10694 9796 22
10080 9866 20
1414 1015 22
8450 7610 22
10963 10885 20
10388 9711 22
534 178 20
13600 13017 22
4684 4313 20
7876 7614 20
6888 6761 20
1919 1863 20
2005 1874 20
10977 10849 20
9042 8699 20
1502 1079 22
8331 7586 22
3421 2991 20
13493 13148 20
15029 14047 22
10986 10831 20
6383 5405 22
813 367 20
399 215 20
6196 5503 20
9026 8741 20
11094 10915 20
3615 3010 20
1964 1695 20
15720 15241 20
16053 15832 22
8944 8772 20
12365 11940 20
16681 16402 20
16250 15248 22
14373 14075 20
10273 9807 20
9647 9260 22
15037 14051 22
13303 13147 20
16505 16394 20
2277 1856 20
8422 7607 22
7222 7160 22
16654 16361 20
15800 15190 20
13670 13538 22
8115 7700 20
16106 15848 22
3539 3077 20
2183 1811 20
7305 7146 22
15527 15312 20
3997 3018 22
16605 16402 20
6250 5368 22
11477 10930 20
3421 2947 20
4081 3046 22
7939 7574 20
7188 6646 20
15875 15255 20
5048 4254 22
2113 1768 20
3921 2984 22
5576 5515 20
10983 10938 20
5970 5541 20
5952 5547 20
4152 3081 22
2383 1800 20
9640 9300 22
13591 13017 22
13184 13074 20
7469 6703 22
6335 5391 22
4724 4255 20
9449 8685 22
8984 8753 20
7768 7587 20
2249 1696 20
14639 14029 20
3258 3061 20
4611 4248 20
13313 13102 20
12306 11926 20
8118 7595 20
16746 16341 20
13952 13137 22
2487 1765 20
11197 10906 20
16024 15186 22
12684 11896 22
7802 7641 20
16880 16487 20
8308 7577 22
7123 6669 20
508 120 20
4748 4357 20
9269 8662 20
12160 11960 20
12310 11894 20
13716 13472 22
6024 5461 20
3338 3002 20
13616 13021 22
15644 15173 20
1335 155 22
11766 10874 22
13195 13128 20
4554 4249 20
11693 10848 22
793 304 20
9951 9776 20
14622 13972 20
11252 10817 20
12303 12007 20
8028 7683 20
5645 5370 20
5961 5478 20
14156 14031 20
6527 5460 22
9178 8756 20
11660 11439 22
14860 14652 22
9999 9744 20
4041 3581 22
8484 7621 22
13631 13026 22
11212 10808 20
8090 7654 20
600 258 20
4666 4292 20
5834 5417 20
8359 8149 22
13353 13042 20
12224 12011 20
3382 2955 20
5346 4392 22
8050 7595 20
9409 9231 22
13940 13477 22
14941 14625 22
5258 4332 22
8243 7601 20
3405 2955 20
8483 7621 22
4537 4297 20
11595 10819 22
5956 5441 20
4652 4328 20
14585 14111 20
13372 13158 20
10438 9722 22
712 195 20
3935 3596 22
6955 6673 20
3225 3031 20
5106 4273 22
10183 9830 20
17232 16442 22
3914 3653 22
7756 7587 20
16235 15868 22
14894 14643 22
5934 5402 20
7742 7591 20
15416 15211 20
1201 106 22
12698 11901 22
10712 9801 22
10179 9797 20
13314 13037 20
10558 10286 22
5788 5437 20
621 179 20
14715 14109 20
16535 16385 20
5239 4323 22
5311 4837 22
10318 9807 20
12061 11885 20
3212 3137 20
14276 13983 20
15559 15192 20
10969 10807 20
4689 4249 20
16308 15276 22
17047 16365 22
617 120 20
10780 9841 22
15482 15183 20
9925 9838 20
6929 6700 20
2189 1739 20
10411 10327 22
3233 3131 20
14409 14022 20
7257 6644 22
9482 8697 22
14617 14069 20
16919 16386 20
11173 10902 20
9198 8671 20
526 368 20
11872 10941 22
2177 1846 20
4165 3096 22
10205 9830 20
13696 13044 22
3979 3713 22
14992 14590 22
11143 10855 20
13723 13047 22
3811 2954 22
12138 11956 20
13003 12572 22
8109 7573 20
13187 13074 20
10433 9722 22
7999 7591 20
13248 13151 20
1284 1021 22
7470 6703 22
9292 8757 20
14189 14021 20
13608 13466 22
4779 4281 20
7506 7105 22
4654 4414 20
15101 14629 22
443 171 20
17181 16411 22
2552 1661 22
7917 7705 20
11133 10807 20
4135 3071 22
11250 10807 20
747 324 20
5119 4273 22
9233 8762 20
13363 13066 20
6931 6696 20
2208 1781 20
15616 15312 20
4496 4346 20
11314 10953 20
9372 8668 22
12161 11998 20
5811 5482 20
5124 4280 22
12906 11955 22
13879 13468 22
13430 13154 20
7095 6716 20
15109 14605 22
4710 4274 20
11699 10853 22
16691 16367 20
14943 14640 22
15675 15200 20
4561 4274 20
12129 11897 20
5586 5462 20
11072 10934 20
11601 11372 22
6294 5377 22
2927 1844 22
2895 2314 22
6081 5433 20
9171 8776 20
15582 15284 20
16807 16376 20
15398 15294 20
10478 9735 22
11270 10836 20
16524 16380 20
15786 15198 20
2169 1787 20
2267 1816 20
10689 9796 22
10303 9800 20
9101 8673 20
12658 11888 22
12207 11879 20
8467 8244 22
10178 9870 20
8363 7594 22
8121 7705 20
15772 15215 20
16591 16353 20
15040 14051 22
7942 7651 20
4071 3046 22
4566 4269 20
16898 16349 20
9026 8703 20
701 332 20
15814 15160 20
6934 6740 20
2163 1762 20
8924 8745 20
8048 7648 20
16778 16444 20
5743 5505 20
12212 11953 20
7926 7637 20
7815 7677 20
12073 12011 20
2632 2469 22
11184 10861 20
8122 7629 20
5228 4317 22
6885 6747 20
1321 148 22
17249 16446 22
9137 8752 20
13719 13481 22
6627 6077 22
830 157 20
2869 1803 22
2132 1663 20
5263 4332 22
6150 5496 20
5305 4362 22
1945 1739 20
2646 1694 22
6828 6729 20
13839 13089 22
3529 3090 20
6372 6196 22
2630 2442 22
3847 2960 22
15732 15163 20
16252 15892 22
9878 9797 20
16177 15876 22
13891 13518 22
3728 3134 20
719 279 20
14770 13973 22
9153 8752 20
7504 6719 22
7438 6698 22
8547 8203 22
12213 11898 20
5689 5406 20
15717 15273 20
8944 8714 20
7465 7114 22
10191 9834 20
16974 16343 22
15976 15769 22
5343 4865 22
7526 7112 22
6258 6038 22
581 179 20
15851 15313 20
4815 4353 20
2099 1757 20
13816 13081 22
8510 8229 22
7973 7604 20
7390 6680 22
828 332 20
3286 3118 20
16525 16394 20
12535 11958 20
15725 15254 20
9111 8725 20
13217 13097 20
12393 11898 20
16496 16460 20
2442 1829 20
12310 11948 20
2800 1755 22
3444 3148 20
2343 1676 20
11109 10881 20
3232 2966 20
7457 7181 22
12319 12019 20
15531 15164 20
10211 9773 20
14940 14675 22
1649 347 22
9277 8662 20
6019 5446 20
2496 1800 20
17064 16861 22
9428 8679 22
6553 5471 22
10593 9767 22
7344 7144 22
3714 3092 20
12976 12497 22
4947 4250 20
14291 14112 20
14996 14039 22
12225 12007 20
16870 16439 20
16177 15850 22
5962 5370 20
10116 9830 20
15639 15254 20
15696 15293 20
3467 3083 20
14333 14083 20
10235 9729 20
857 150 20
5079 4790 22
6491 6209 22
13940 13132 22
1437 978 22
5683 5531 20
4557 4231 20
4995 4229 22
1320 933 22
12285 12023 20
4988 4852 22
8938 8694 20
2720 1723 22
14987 14034 22
7418 7101 22
3712 3138 20
7843 7677 20
11551 11390 22
11070 10820 20
2287 1711 20
13267 13045 20
944 236 20
13406 13123 20
1241 119 22
15669 15227 20
1443 207 22
16650 16380 20
14316 14053 20
3899 3751 22
9563 9236 22
12330 11889 20
2502 1713 20
7117 6705 20
2031 1874 20
9882 9847 20
17124 16393 22
7433 6695 22
6871 6735 20
2135 1669 20
5200 4312 22
933 350 20
10004 9728 20
12494 11988 20
4590 4281 20
773 293 20
8122 7696 20
11705 10853 22
2249 1817 20
9348 9225 22
4145 3076 22
5000 4856 22
10445 9727 22
15479 15274 20
12077 11978 20
14460 14002 20
6466 6098 22
8982 8790 20
16660 16455 20
545 242 20
878 325 20
724 265 20
12451 11922 20
15121 14092 22
16885 16391 20
11156 10945 20
1267 126 22
16665 16376 20
7371 7087 22
11483 10837 20
14514 14015 20
13415 13082 20
5314 4845 22
12030 12012 20
12353 11960 20
9150 8680 20
11098 10831 20
2047 1731 20
14694 13990 20
11067 10919 20
9031 8698 20
14626 14114 20
17158 16404 22
6340 5391 22
16882 16427 20
2760 1743 22
9880 9737 20
14170 13992 20
8922 8680 20
16015 15181 22
1913 1718 20
13319 13147 20
13306 13083 20
7773 7595 20
12424 11990 20
4018 3023 22
413 317 20
656 195 20
8050 7655 20
12432 12006 20
3737 3109 20
12870 11946 22
14995 14039 22
9150 8760 20
15564 15188 20
14312 14112 20
9013 8710 20
2117 1738 20
3875 3564 22
15775 15161 20
2736 2316 22
5210 4312 22
15122 14621 22
586 178 20
12761 12523 22
10417 10259 22
10291 9783 20
2847 2476 22
2564 1668 22
7264 6644 22
429 121 20
10108 9786 20
3418 3073 20
16092 15204 22
3304 3126 20
10434 9722 22
3458 2980 20
9413 8676 22
10044 9820 20
14220 14067 20
3406 3089 20
2772 2401 22
8596 7658 22
12589 12004 20
10384 9711 22
8830 8721 20
14310 14022 20
10175 9869 20
7529 6734 22
9206 8757 20
14421 14093 20
9288 8777 20
5896 5541 20
4751 4318 20
2181 1707 20
7859 7705 20
2705 1717 22
7029 6720 20
15464 15206 20
6152 5475 20
2417 1691 20
9010 8766 20
965 236 20
15353 15205 20
15467 15226 20
5863 5491 20
15644 15201 20
11541 11443 22
2066 1756 20
2088 1756 20
8284 8188 22
10354 9721 20
6804 6748 20
16775 16405 20
9904 9853 20
10503 10305 22
14788 13976 22
16184 15229 22
14399 14027 20
15074 14708 22
7503 6712 22
5694 5478 20
9239 8692 20
9962 9863 20
14223 14117 20
8963 8761 20
4140 3076 22
12257 11957 20
12730 11908 22
3217 3024 20
634 178 20
13762 13059 22
15400 15214 20
6593 6179 22
15836 15197 20
1397 920 22
10441 9722 22
6308 5382 22
5696 5462 20
7724 7668 20
10089 9782 20
16995 16352 22
2522 1764 20
3265 3030 20
4472 4358 20
13639 13026 22
15107 14655 22
12726 12489 22
8849 8780 20
12928 11959 22
2909 2446 22
3299 2967 20
14572 14022 20
16964 16817 22
8286 8195 22
12471 11984 20
17243 16446 22
14414 14041 20
5997 5441 20
3617 3075 20
474 227 20
7910 7617 20
4907 4242 20
16865 16418 20
7113 6694 20
6539 6151 22
817 221 20
12166 12023 20
2106 1683 20
5799 5502 20
13429 13031 20
13218 13162 20
16180 15225 22
7874 7676 20
15720 15284 20
9489 8697 22
11273 10906 20
2655 2299 22
12706 11901 22
13712 13044 22
5067 4261 22
8575 8137 22
15632 15226 20
8510 8245 22
17116 16393 22
14811 13982 22
12801 12572 22
3761 3020 20
698 127 20
7310 7130 22
2681 1706 22
15582 15304 20
8335 8207 22
700 349 20
3434 3024 20
12275 11998 20
15412 15168 20
9619 8734 22
6911 6781 20
4141 3076 22
15613 15200 20
6129 5414 20
405 298 20
677 235 20
2075 1875 20
446 178 20
17043 16365 22
5271 4332 22
6884 6642 20
12619 11878 22
14980 14034 22
11355 10807 20
17288 16479 22
11560 10811 22
17059 16842 22
12244 11983 20
1435 207 22
8052 7695 20
11333 10850 20
12638 11884 22
4548 4384 20
7377 6680 22
16249 15248 22
12103 11935 20
11110 10942 20
4770 4384 20
12859 11942 22
13247 13128 20
14499 14040 20
8479 7616 22
7848 7683 20
11587 11415 22
4910 4305 20
7868 7629 20
14460 14011 20
16254 15774 22
3964 3001 22
12105 11983 20
17080 16880 22
10109 9853 20
12053 11983 20
8229 7635 20
4747 4236 20
3207 3083 20
12553 11974 20
3305 2966 20
6892 6654 20
10397 9714 22
5629 5392 20
14521 14117 20
14917 14653 22
9700 9297 22
13313 13098 20
10026 9744 20
15522 15217 20
15358 15259 20
8375 8149 22
5095 4267 22
13781 13064 22
7792 7604 20
15318 15254 20
11415 10954 20
11427 10936 20
4778 4296 20
7213 7084 22
6352 5396 22
11471 10822 20
15110 14658 22
13392 13159 20
10336 9831 20
7769 7659 20
16782 16425 20
16022 15754 22
7109 6646 20
13463 13143 20
11357 10836 20
8999 8785 20
424 325 20
8073 7584 20
15602 15294 20
404 235 20
15132 14101 22
13550 13033 20
5610 5505 20
10089 9830 20
5220 4317 22
6498 6209 22
5269 4837 22
14644 14095 20
13268 13065 20
1949 1868 20
3428 2986 20
8870 8725 20
422 332 20
9054 8673 20
2093 1817 20
13199 13053 20
15627 15280 20
3479 3083 20
12364 11978 20
9945 9820 20
16878 16453 20
13622 13021 22
12278 11957 20
5712 5495 20
1460 969 22
2509 1858 20
6955 6724 20
12565 11995 20
3349 3108 20
16558 16361 20
13315 13061 20
11450 10882 20
732 279 20
9253 8794 20
6142 5511 20
969 379 20
8599 7662 22
12037 12003 20
3235 3117 20
5903 5541 20
4563 4347 20
513 354 20
13170 13049 20
13708 13044 22
466 194 20
16758 16425 20
4499 4240 20
6403 5411 22
14274 14010 20
3400 3147 20
599 384 20
16765 16447 20
9949 9857 20
5914 5432 20
1923 1738 20
2837 1779 22
16606 16371 20
410 107 20
14500 14116 20
8347 7590 22
10168 9777 20
6806 6700 20
683 170 20
16234 15893 22
4624 4339 20
16505 16413 20
8568 8253 22
9073 8793 20
1077 373 20
10036 9869 20
8900 8746 20
3302 2985 20
5739 5473 20
14714 14058 20
12627 11884 22
3214 2995 20
12192 11880 20
6092 5532 20
17009 16356 22
11120 10934 20
12907 11955 22
13220 13018 20
13256 13102 20
8065 7587 20
12372 12020 20
12809 11929 22
3325 3031 20
13228 13083 20
7305 7186 22
4671 4340 20
12235 11990 20
16513 16455 20
6929 6740 20
3361 3019 20
16701 16426 20
11863 11419 22
10244 9816 20
12236 11952 20
9025 8790 20
2148 1707 20
9279 8675 20
14534 14027 20
14615 14019 20
15528 15192 20
12140 11957 20
3262 3066 20
12127 11953 20
4588 4241 20
9883 9740 20
13204 13078 20
839 293 20
1451 214 22
10182 9712 20
14650 14064 20
6009 5392 20
10143 9820 20
3313 3065 20
6538 6179 22
11090 10881 20
662 194 20
16774 16444 20
12317 12003 20
9597 9188 22
2228 1804 20
10175 9838 20
11665 10839 22
7761 7677 20
11187 10953 20
7131 6705 20
5559 5428 20
1432 207 22
15591 15205 20
7887 7663 20
3288 3164 20
8998 8790 20
12159 11925 20
10673 9791 22
763 195 20
3576 3149 20
9444 8685 22
1430 201 22
12396 12023 20
9944 9848 20
5967 5392 20
598 279 20
11072 10849 20
10077 9797 20
6334 6036 22
3938 2990 22
16819 16445 20
1361 169 22
2675 1706 22
11067 10871 20
7231 6637 22
7208 7053 22
7857 7668 20
2265 1683 20
2569 2416 22
7877 7684 20
3276 3002 20
6387 6086 22
2734 1730 22
3178 3036 20
14215 14041 20
9172 8674 20
3571 3057 20
6589 5500 22
12712 11904 22
5975 5412 20
13785 13064 22
2197 1799 20
7946 7623 20
16150 15216 22
8547 8206 22
640 317 20
12912 12518 22
13253 13049 20
7414 6690 22
2086 1690 20
10145 9732 20
2469 1823 20
15696 15262 20
1371 169 22
4756 4329 20
7745 7614 20
8340 7586 22
7235 6637 22
5879 5501 20
1565 984 22
12507 12025 20
6505 5450 22
8324 7582 22
746 257 20
6322 6109 22
14244 14103 20
11323 10909 20
2857 1792 22
2609 1681 22
5788 5420 20
899 332 20
920 379 20
7788 7710 20
10150 9847 20
10374 9711 22
10162 9853 20
1977 1690 20
9110 8699 20
5662 5437 20
16070 15781 22
9232 8750 20
5765 5515 20
12279 11977 20
12303 11917 20
4466 4388 20
16734 16353 20
16331 15785 22
17112 16388 22
15637 15283 20
11653 11444 22
16306 15276 22
11446 10943 20
9041 8793 20
11544 11475 22
1980 1811 20
3291 2995 20
14475 14088 20
11417 10868 20
5331 4808 22
12357 11973 20
3915 3617 22
10124 9838 20
2174 1662 20
17260 16823 22
15413 15254 20
11399 10834 20
2193 1827 20
15926 15792 22
4540 4329 20
14591 14130 20
2813 1767 22
14341 14075 20
2003 1749 20
5870 5407 20
784 257 20
11725 11427 22
776 178 20
13308 13102 20
9876 9853 20
10006 9758 20
4815 4304 20
9661 8755 22
12260 11898 20
939 129 20
12126 11880 20
2009 1718 20
11268 10831 20
16536 16357 20
3406 3137 20
5339 4386 22
8554 8145 22
14293 14032 20
15753 15234 20
12744 12543 22
13297 13138 20
2151 1787 20
900 272 20
14464 14094 20
7335 6662 22
10184 9870 20
9038 8711 20
9943 9782 20
5750 5402 20
8877 8698 20
8090 7622 20
8092 7699 20
15625 15227 20
6582 5494 22
4452 4249 20
13256 13078 20
15693 15178 20
11581 10815 22
5881 5384 20
6408 5411 22
11412 10904 20
6939 6761 20
8088 7587 20
10998 10808 20
9051 8749 20
5735 5392 20
13352 13073 20
3184 3108 20
867 372 20
7453 7056 22
7937 7668 20
12049 12011 20
16539 16465 20
13599 13017 22
13187 13083 20
8902 8710 20
11322 10945 20
7557 6755 22
5649 5514 20
16840 16403 20
14799 14625 22
776 287 20
1549 1092 22
10163 9728 20
12135 11953 20
13216 13066 20
4735 4226 20
3957 3657 22
12498 11895 20
2513 1876 20
8926 8797 20
14473 14011 20
7117 6702 20
9536 9270 22
10474 9731 22
3403 3048 20
16636 16465 20
6229 6128 22
7918 7654 20
13757 13056 22
3468 2966 20
1377 921 22
11063 10953 20
12440 11939 20
14143 14022 20
2165 1750 20
7717 7677 20
12145 11990 20
6186 5408 20
11024 10825 20
5212 4312 22
15480 15246 20
6307 6206 22
7180 6701 20
9919 9847 20
14196 14072 20
10603 10216 22
10403 10352 22
16671 16443 20
6522 6124 22
5871 5530 20
11349 10903 20
14567 14103 20
16641 16380 20
909 298 20
2327 1776 20
4998 4235 22
7871 7573 20
16522 16438 20
11789 11419 22
4606 4387 20
556 384 20
12864 11942 22
1900 1768 20
10602 10354 22
12205 11931 20
11245 10919 20
14708 14000 20
12883 11946 22
14854 14694 22
15519 15245 20
6519 6088 22
13266 13037 20
6362 5396 22
2085 1845 20
13778 13064 22
8327 8193 22
9222 8692 20
8137 7609 20
10605 10337 22
11870 11478 22
4600 4236 20
3332 3117 20
11076 10902 20
15383 15227 20
13905 13566 22
3998 3018 22
3296 3048 20
2017 1821 20
12903 11955 22
15411 15238 20
409 163 20
7757 7629 20
17208 16860 22
11800 11441 22
11797 10887 22
10754 9829 22
425 287 20
15882 15184 20
10498 10258 22
14296 14003 20
7323 6657 22
16682 16469 20
4784 4413 20
4520 4308 20
12196 12012 20
5161 4950 22
3494 3009 20
7976 7622 20
11196 10910 20
4910 4309 20
7971 7574 20
9659 8755 22
13357 13090 20
14510 14015 20
14333 13993 20
803 187 20
3487 3118 20
15544 15287 20
10665 9785 22
9629 9296 22
6854 6740 20
637 348 20
2265 1750 20
10601 10322 22
10495 9739 22
5071 4261 22
15500 15163 20
10088 9724 20
4876 4304 20
9428 9215 22
16198 15771 22
14922 14703 22
10640 9781 22
11295 10825 20
11423 10833 20
9981 9814 20
6320 5387 22
7894 7623 20
3991 3013 22
8988 8690 20
15887 15207 20
8570 8189 22
5058 4254 22
7968 7578 20
10201 9749 20
3210 3031 20
9687 9243 22
15130 14101 22
7219 7075 22
12973 12553 22
7737 7672 20
11401 10837 20
6880 6721 20
16773 16485 20
16504 16480 20
8882 8680 20
16601 16420 20
1112 230 20
7304 7169 22
14252 14021 20
10286 9811 20
14535 14072 20
7299 7169 22
13369 13113 20
16566 16405 20
12200 11944 20
10164 9764 20
13190 13128 20
10390 9714 22
13010 12022 22
2007 1725 20
13793 13528 22
6141 5394 20
12618 11878 22
12139 11990 20
14260 14079 20
8394 7599 22
7857 7641 20
3550 2966 20
946 222 20
5754 5537 20
9695 8775 22
10555 9753 22
663 114 20
12856 11942 22
9064 8710 20
14579 14066 20
14986 14034 22
1627 1062 22
4018 3674 22
2212 1845 20
14274 14103 20
6807 6638 20
12649 12561 22
14424 14121 20
4478 4296 20
16556 16361 20
822 135 20
10285 9787 20
15696 15233 20
2727 1723 22
14177 14078 20
1954 1675 20
2677 2475 22
10471 9731 22
842 227 20
16664 16357 20
2054 1682 20
5095 4817 22
901 202 20
16670 16353 20
10117 9825 20
13421 13077 20
11243 10876 20
17175 16408 22
13537 13119 20
8015 7574 20
5908 5537 20
16085 15793 22
1371 1010 22
10753 10220 22
3252 3055 20
522 107 20
9128 8725 20
3657 3032 20
5755 5505 20
12254 11998 20
11723 11443 22
10237 9734 20
12879 11946 22
17145 16870 22
14779 13976 22
7755 7617 20
4458 4249 20
15063 14056 22
16637 16402 20
8859 8767 20
16559 16481 20
5704 5530 20
3353 3066 20
4203 3130 22
13208 13146 20
481 304 20
8383 8179 22
391 243 20
5608 5402 20
11591 10819 22
9476 8697 22
15592 15259 20
12553 11933 20
17019 16356 22
7172 6769 20
10584 10266 22
11383 10868 20
3239 2996 20
12086 11993 20
16605 16426 20
2078 1750 20
1631 323 22
11342 10906 20
3625 3026 20
5094 4267 22
8968 8711 20
9427 8679 22
11249 10821 20
16776 16430 20
5976 5525 20
8433 8163 22
11028 10866 20
6834 6649 20
4488 4328 20
1038 136 20
15378 15164 20
14496 13974 20
11534 10806 22
13556 13095 20
1010 343 20
13761 13059 22
9060 8687 20
15597 15214 20
15123 14641 22
14217 14010 20
8376 7594 22
13877 13101 22
14671 14033 20
10507 10263 22
14693 14095 20
8040 7651 20
4947 4237 20
5767 5384 20
15673 15273 20
2651 2460 22
14858 13996 22
3194 2980 20
13335 13151 20
14561 14075 20
12080 11905 20
8344 7586 22
4579 4374 20
998 311 20
9204 8671 20
9062 8753 20
628 332 20
15682 15158 20
8895 8711 20
5887 5407 20
3314 3030 20
16720 16341 20
6921 6654 20
15661 15303 20
711 243 20
15433 15205 20
3394 2962 20
7098 6775 20
8458 7613 22
11066 10866 20
4888 4342 20
4469 4358 20
849 227 20
16187 15772 22
4509 4318 20
13454 13057 20
7140 6754 20
14659 14105 20
12255 11952 20
10048 9797 20
10409 9718 22
859 378 20
3644 3092 20
1275 1027 22
15326 15294 20
8602 8161 22
3416 3148 20
8030 7611 20
2236 1718 20
12413 11893 20
5831 5467 20
14379 13988 20
7882 7595 20
8931 8740 20
16757 16367 20
12406 11897 20
12209 11990 20
4199 3124 22
12925 12491 22
12728 12532 22
15012 14043 22
424 194 20
10197 9732 20
2096 1756 20
11133 10938 20
1328 1132 22
14978 14034 22
17132 16844 22
12648 11888 22
10600 10312 22
5805 5478 20
9118 8694 20
6144 5483 20
16048 15857 22
8293 8195 22
8568 7647 22
3286 3031 20
11491 10857 20
1397 185 22
9228 8715 20
1410 193 22
610 120 20
7751 7641 20
8557 7647 22
15536 15253 20
2642 1694 22
14355 14098 20
3221 3097 20
15547 15222 20
16280 15261 22
5288 4952 22
16326 15286 22
9642 9232 22
15508 15312 20
9388 9296 22
8377 8245 22
13189 13023 20
574 120 20
14137 14015 20
7822 7680 20
7894 7680 20
1112 143 20
12250 11936 20
6454 5431 22
5114 4930 22
16722 16465 20
15497 15230 20
6096 5375 20
9957 9834 20
6864 6768 20
2652 1700 22
10634 10327 22
3499 3082 20
1501 241 22
8157 7601 20
17250 16446 22
1415 193 22
1969 1863 20
11027 10871 20
16634 16421 20
10605 10284 22
527 227 20
12456 11921 20
12775 11916 22
9106 8752 20
15719 15254 20
443 178 20
7266 6644 22
1933 1756 20
1419 201 22
9135 8761 20
14367 14078 20
16496 16398 20
470 243 20
9572 9213 22
1313 148 22
10444 9722 22
15875 15289 20
11678 10844 22
2665 1700 22
12469 12007 20
2280 1821 20
12459 11993 20
14835 13991 22
15137 14101 22
1305 141 22
16688 16460 20
11798 10887 22
3950 2994 22
8371 7594 22
582 127 20
15107 14081 22
11224 10828 20
7532 6739 22
17120 16393 22
6994 6649 20
6054 5549 20
3465 3042 20
8001 7680 20
13904 13112 22
11739 10865 22
14403 14102 20
16898 16448 20
9892 9765 20
10471 10304 22
7011 6720 20
5697 5537 20
1593 1042 22
9918 9842 20
16627 16430 20
6798 6728 20
1567 270 22
7026 6729 20
10194 9724 20
16675 16366 20
9638 9204 22
4996 4235 22
8303 8137 22
5275 4338 22
8010 7588 20
6328 5391 22
9330 9297 22
7476 6706 22
3948 2994 22
6053 5408 20
6537 5466 22
3617 3155 20
5197 4307 22
804 324 20
3685 3027 20
2093 1810 20
3202 3030 20
5709 5392 20
2452 1800 20
16231 15240 22
6119 5418 20
11103 10845 20
13237 13094 20
9642 9220 22
11563 10811 22
713 209 20
12567 11965 20
5042 4878 22
9955 9858 20
17251 16841 22
896 127 20
12195 11998 20
14422 13974 20
11279 10812 20
12033 11893 20
9967 9728 20
8570 7647 22
11146 10898 20
4740 4288 20
5230 4831 22
16729 16455 20
10735 9819 22
15351 15158 20
11119 10845 20
5216 4317 22
2074 1696 20
15680 15193 20
643 258 20
9010 8767 20
2007 1718 20
4780 4269 20
3746 3120 20
15367 15311 20
5781 5509 20
3552 2988 20
11375 10899 20
15399 15227 20
7821 7644 20
6086 5385 20
7448 7087 22
15548 15211 20
5753 5374 20
3372 3126 20
14381 14071 20
8136 7619 20
14196 13998 20
2218 1744 20
17122 16393 22
16645 16460 20
5103 4273 22
12437 11983 20
7261 6644 22
8999 8746 20
16628 16390 20
2176 1868 20
15391 15284 20
8341 7586 22
10020 9802 20
5925 5456 20
16111 15209 22
4640 4373 20
9921 9728 20
7544 7065 22
15590 15210 20
1466 1168 22
5833 5393 20
11096 10824 20
5055 4254 22
2768 1743 22
6967 6757 20
1256 126 22
897 142 20
6233 6052 22
450 257 20
4169 3096 22
15870 15190 20
5557 5398 20
12864 12474 22
12341 11993 20
5082 4261 22
10790 9852 22
12133 11925 20
5600 5365 20
5598 5437 20
10566 9757 22
11495 10857 20
11541 10806 22
7490 7172 22
16947 16340 22
6949 6753 20
8812 8711 20
16913 16396 20
2139 1731 20
8911 8761 20
7191 6693 20
10453 10287 22
11761 11476 22
14299 14061 20
16584 16430 20
13419 13128 20
6292 5377 22
16772 16361 20
17259 16907 22
15744 15172 20
2169 1810 20
13940 13568 22
16199 15829 22
5774 5515 20
15010 14700 22
2809 1761 22
5192 4307 22
15683 15193 20
9030 8673 20
4583 4388 20
9170 8806 20
7355 6672 22
8323 7582 22
565 304 20
3604 3015 20
7374 6676 22
2911 2465 22
4902 4315 20
9876 9744 20
13314 13138 20
2931 2501 22
4740 4281 20
14498 13988 20
7026 6699 20
5809 5531 20
10044 9802 20
4525 4281 20
13957 13140 22
2132 1731 20
2485 1800 20
2583 1674 22
8569 7647 22
4626 4313 20
3422 3077 20
14210 14035 20
6429 5419 22
5012 4235 22
906 332 20
8374 7594 22
11033 10893 20
428 258 20
1519 248 22
4187 3111 22
15519 15196 20
10029 9793 20
14337 14094 20
16049 15191 22
13393 13094 20
10131 9869 20
417 349 20
7804 7699 20
14761 13973 22
13773 13550 22
5600 5482 20
5049 4254 22
4938 4237 20
6305 6194 22
4076 3046 22
7424 7166 22
11195 10808 20
12911 12501 22
8337 7586 22
5177 4808 22
6935 6721 20
14466 14003 20
7556 6755 22
6913 6692 20
555 361 20
16075 15836 22
1462 220 22
13614 13555 22
1922 1712 20
4747 4296 20
13353 13031 20
14370 14128 20
4826 4410 20
14997 14039 22
1377 169 22
13264 13053 20
11429 10826 20
2096 1863 20
8206 7624 20
11626 10827 22
9531 9296 22
6499 5445 22
6093 5442 20
4041 3700 22
14312 14015 20
1351 162 22
10055 9857 20
12117 11935 20
9525 9222 22
599 372 20
6140 5488 20
15369 15274 20
7728 7574 20
6226 5363 22
2603 1681 22
4934 4314 20
11150 10939 20
11464 10862 20
11648 11476 22
6959 6699 20
13467 13163 20
10560 10316 22
10123 9858 20
9985 9848 20
15713 15214 20
837 340 20
5309 4362 22
15671 15293 20
9962 9758 20
573 372 20
516 317 20
7851 7588 20
3735 3056 20
2929 1844 22
16861 16440 20
16778 16465 20
11282 10849 20
8032 7705 20
6240 5363 22
9220 8783 20
1929 1731 20
9105 8802 20
3344 3065 20
17056 16370 22
11259 10942 20
1439 1166 22
11203 10885 20
6358 5396 22
14604 14105 20
6834 6714 20
11057 10855 20
6305 5382 22
6119 5532 20
3904 2984 22
16184 15866 22
11435 10943 20
17105 16388 22
10645 10312 22
3351 3132 20
12474 11918 20
16647 16348 20
4584 4388 20
11011 10871 20
2723 2391 22
14346 14088 20
9207 8773 20
14680 14054 20
16599 16357 20
4741 4268 20
6576 6111 22
9340 8659 22
14846 13996 22
11099 10906 20
6821 6713 20
4654 4296 20
16691 16344 20
14291 14032 20
6906 6782 20
7360 6672 22
9091 8772 20
3220 3102 20
10169 9764 20
11123 10903 20
7369 7179 22
15447 15233 20
9122 8690 20
1205 106 22
12951 12561 22
16590 16421 20
14382 14022 20
16053 15191 22
6394 6156 22
17052 16861 22
12722 11904 22
14524 13997 20
2137 1816 20
6397 5411 22
9536 9310 22
7338 6666 22
6355 6069 22
492 372 20
6167 5390 20
5973 5487 20
4912 4385 20
11776 11390 22
431 324 20
5293 4898 22
12490 11907 20
15098 14077 22
14451 14015 20
11105 10919 20
15711 15254 20
4972 4788 22
6625 6055 22
11600 11395 22
10001 9843 20
12404 11897 20
6545 5466 22
5851 5462 20
15760 15207 20
8867 8718 20
5996 5530 20
12274 11893 20
6587 6168 22
15611 15254 20
10422 9718 22
15383 15217 20
13860 13523 22
8060 7608 20
16890 16400 20
12243 11972 20
2150 1798 20
14644 14113 20
14330 14002 20
3195 3118 20
7188 6659 20
15342 15238 20
13393 13102 20
16067 15195 22
1905 1724 20
3865 2965 22
11720 11373 22
3309 2991 20
11203 10821 20
14681 14049 20
11432 10951 20
991 369 20
16611 16389 20
17226 16868 22
17264 16856 22
10007 9776 20
15128 14705 22
727 156 20
5357 4407 22
2709 2389 22
8952 8766 20
8902 8680 20
7116 6688 20
8982 8710 20
11761 11424 22
5880 5472 20
8903 8680 20
927 355 20
14631 13986 20
650 157 20
6027 5378 20
16977 16347 22
9159 8661 20
14347 14108 20
12443 11921 20
5197 4869 22
17183 16815 22
12738 11908 22
9909 9782 20
5673 5407 20
3821 3745 22
5582 5407 20
2822 1767 22
2201 1683 20
8239 7649 20
7096 6749 20
4001 3688 22
14364 14045 20
16588 16420 20
13802 13076 22
3470 2996 20
11150 10836 20
11790 11393 22
7726 7704 20
16034 15812 22
14866 14670 22
786 195 20
12313 12011 20
11256 10942 20
677 354 20
11077 10953 20
11109 10934 20
13311 13057 20
8833 8752 20
5693 5462 20
16283 15265 22
686 120 20
14181 14120 20
650 156 20
13602 13017 22
6791 6721 20
11493 10895 20
13564 13125 20
5312 4367 22
12471 11950 20
14337 13998 20
5924 5468 20
15575 15159 20
4821 4330 20
3826 3692 22
8294 8163 22
5330 4869 22
12184 11990 20
12076 11885 20
14999 14656 22
7881 7633 20
1883 1857 20
10483 10319 22
10049 9869 20
4551 4421 20
13912 13116 22
9576 9233 22
16625 16452 20
10584 9763 22
494 348 20
11271 10942 20
6820 6673 20
902 156 20
7166 6694 20
1408 1048 22
9259 8782 20
6434 5419 22
3381 3073 20
9660 8755 22
14419 13984 20
5731 5389 20
3794 2949 22
3275 3025 20
15730 15259 20
9410 8676 22
7720 7614 20
14507 14057 20
3782 2945 22
16852 16378 20
7897 7600 20
2371 1727 20
3306 3090 20
12656 11888 22
11740 10869 22
15395 15259 20
15084 14070 22
4998 4946 22
16941 16815 22
14372 14082 20
11787 10880 22
12454 11943 20
11530 10806 22
3343 2995 20
14331 14044 20
5878 5462 20
12836 11934 22
16575 16357 20
15047 14051 22
460 120 20
11346 10871 20
10701 9801 22
6814 6713 20
7883 7676 20
15152 14683 22
2586 1674 22
13821 13542 22
12147 12007 20
17127 16841 22
2280 1696 20
15627 15206 20
13249 13102 20
9882 9759 20
13488 13075 20
2708 2313 22
2003 1862 20
8985 8761 20
2010 1682 20
13386 13065 20
9365 8668 22
7438 7181 22
17198 16908 22
15501 15173 20
14177 13977 20
3946 3698 22
7518 7186 22
8421 7607 22
9094 8669 20
11803 10892 22
13849 13549 22
6465 5436 22
11765 10874 22
11795 10884 22
10648 9781 22
7021 6760 20
13441 13087 20
15616 15201 20
4836 4404 20
13320 13066 20
8602 8191 22
868 209 20
817 368 20
16997 16853 22
11136 10828 20
10111 9866 20
12524 11950 20
16208 15237 22
6459 5436 22
16601 16372 20
14298 14032 20
4106 3060 22
8388 7599 22
12378 11999 20
10696 9796 22
5341 4392 22
6905 6677 20
2395 1751 20
3958 3746 22
1508 241 22
1253 941 22
7911 7641 20
10318 9875 20
5948 5536 20
2909 2334 22
3513 3164 20
12432 11905 20
6939 6654 20
16725 16366 20
8074 7684 20
3603 2987 20
15715 15226 20
14794 14635 22
13884 13550 22
7332 7097 22
13431 13083 20
15873 15189 20
5624 5505 20
15844 15160 20
16539 16455 20
12217 11931 20
14369 14040 20
1158 222 20
9058 8772 20
8108 7668 20
8434 7610 22
9465 8693 22
4541 4387 20
13632 13026 22
7519 6727 22
15571 15293 20
12918 11959 22
8213 7657 20
9013 8699 20
16789 16464 20
5744 5482 20
5927 5531 20
7879 7573 20
9152 8756 20
704 378 20
5201 4897 22
2221 1856 20
17095 16384 22
16124 15213 22
14232 14052 20
14796 14603 22
10980 10897 20
11776 11489 22
699 368 20
2023 1669 20
15079 14715 22
6430 5419 22
16833 16381 20
8127 7688 20
15501 15196 20
1924 1682 20
3552 3159 20
1575 286 22
15611 15262 20
12318 11953 20
14351 14128 20
13365 13133 20
6925 6768 20
2286 1724 20
11772 10880 22
14496 13998 20
11634 10827 22
687 298 20
10658 10314 22
14433 14078 20
14998 14620 22
6065 5429 20
9986 9815 20
11316 10903 20
15587 15287 20
4141 3572 22
10203 9857 20
4684 4373 20
15349 15238 20
8002 7641 20
6208 5371 20
492 194 20
2260 1689 20
16876 16350 20
4827 4298 20
11328 10924 20
6980 6645 20
5679 5541 20
7878 7641 20
10037 9830 20
11321 10876 20
10527 10327 22
7980 7687 20
5038 4247 22
15122 14698 22
9679 8765 22
12558 12004 20
11680 11384 22
813 235 20
10267 9751 20
16169 15754 22
9034 8767 20
8381 7599 22
6057 5395 20
10086 9842 20
2489 1795 20
15582 15312 20
3712 3133 20
11451 10947 20
13419 13078 20
13478 13079 20
6418 5416 22
12113 11990 20
9162 8761 20
14290 14011 20
12143 12020 20
6005 5369 20
2833 1772 22
14818 13987 22
2823 1767 22
6451 6137 22
9963 9866 20
10488 9735 22
2113 1749 20
6491 6135 22
6577 6064 22
523 215 20
12187 11972 20
1073 273 20
14472 14044 20
13899 13485 22
12675 11896 22
6890 6748 20
771 349 20
10143 9857 20
17208 16429 22
6846 6696 20
7797 7705 20
5140 4854 22
8963 8687 20
11857 10923 22
8536 7640 22
15318 15183 20
9226 8803 20
9022 8687 20
7393 6684 22
1248 119 22
10683 9791 22
3521 3014 20
11416 10877 20
